shape_id,shape_pt_lat,shape_pt_sequence,shape_pt_lon,shape_dist_traveled
001_1,35.965527,1,10.535612,0
001_1,35.965378,2,10.535732,0.02
001_1,35.965168,3,10.535922,0.05
001_1,35.96509,4,10.535997,0.06
001_1,35.965008,5,10.536085,0.07
001_1,35.96483,6,10.536275,0.1
001_1,35.96427,7,10.536782,0.18
001_1,35.96376,8,10.537131,0.24
001_1,35.963524,9,10.537308,0.27
001_1,35.96348,10,10.537351,0.28
001_1,35.963436,11,10.537383,0.29
001_1,35.96337,12,10.537424,0.3
001_1,35.96319,13,10.537522,0.32
001_1,35.96308,14,10.537577,0.33
001_1,35.962837,15,10.537695,0.36
001_1,35.962704,16,10.537763,0.38
001_1,35.962425,17,10.537907,0.41
001_1,35.96228,18,10.537976,0.43
001_1,35.96201,19,10.53811,0.46
001_1,35.96187,20,10.538182,0.48
001_1,35.961594,21,10.538335,0.51
001_1,35.961452,22,10.538416,0.53
001_1,35.961178,23,10.538576,0.56
001_1,35.96104,24,10.538652,0.58
001_1,35.960896,25,10.538721,0.6
001_1,35.96016,26,10.539082,0.69
001_1,35.959663,27,10.539341,0.75
001_1,35.959595,28,10.539405,0.76
001_1,35.95952,29,10.539454,0.77
001_1,35.959427,30,10.539525,0.78
001_1,35.95937,31,10.539571,0.79
001_1,35.959297,32,10.5396185,0.8
001_1,35.95914,33,10.539703,0.82
001_1,35.958958,34,10.539799,0.84
001_1,35.958855,35,10.53986,0.85
001_1,35.958748,36,10.53993,0.86
001_1,35.95852,37,10.5400915,0.89
001_1,35.958405,38,10.540178,0.9
001_1,35.95829,39,10.540263,0.91
001_1,35.95805,40,10.5404215,0.94
001_1,35.957825,41,10.540562,0.97
001_1,35.957714,42,10.540628,0.98
001_1,35.957497,43,10.540764,1.01
001_1,35.95737,44,10.540841,1.03
001_1,35.9571,45,10.540981,1.06
001_1,35.956894,46,10.541081,1.08
001_1,35.956814,47,10.541114,1.09
001_1,35.956688,48,10.541178,1.11
001_1,35.95652,49,10.54126,1.13
001_1,35.956318,50,10.54136,1.15
001_1,35.95611,51,10.541477,1.18
001_1,35.9559,52,10.541606,1.21
001_1,35.955692,53,10.541723,1.24
001_1,35.95549,54,10.541842,1.26
001_1,35.955284,55,10.541975,1.29
001_1,35.955063,56,10.5421095,1.32
001_1,35.95484,57,10.542252,1.35
001_1,35.95473,58,10.542328,1.36
001_1,35.954613,59,10.542407,1.37
001_1,35.9545,60,10.542487,1.38
001_1,35.95438,61,10.542566,1.4
001_1,35.95414,62,10.542731,1.43
001_1,35.953884,63,10.542899,1.46
001_1,35.953625,64,10.54306,1.49
001_1,35.95336,65,10.543219,1.52
001_1,35.953094,66,10.543382,1.55
001_1,35.95283,67,10.543542,1.58
001_1,35.952557,68,10.543701,1.61
001_1,35.95242,69,10.543778,1.63
001_1,35.952156,70,10.543933,1.66
001_1,35.952023,71,10.544015,1.68
001_1,35.95189,72,10.544101,1.7
001_1,35.95163,73,10.544271,1.73
001_1,35.9514,74,10.544426,1.76
001_1,35.951294,75,10.544504,1.77
001_1,35.951088,76,10.54465,1.8
001_1,35.950882,77,10.544807,1.83
001_1,35.95051,78,10.545096,1.88
001_1,35.95045,79,10.545124,1.89
001_1,35.9504,80,10.545159,1.9
001_1,35.950336,81,10.545206,1.91
001_1,35.950172,82,10.545325,1.93
001_1,35.94998,83,10.545472,1.96
001_1,35.949776,84,10.545636,1.99
001_1,35.949673,85,10.545723,2
001_1,35.949463,86,10.545888,2.03
001_1,35.94936,87,10.545965,2.04
001_1,35.949173,88,10.546111,2.06
001_1,35.949085,89,10.54618,2.07
001_1,35.94894,90,10.546299,2.09
001_1,35.94883,91,10.546382,2.1
001_1,35.948784,92,10.5464115,2.11
001_1,35.948742,93,10.546433,2.12
001_1,35.94867,94,10.546473,2.13
001_1,35.948624,95,10.546502,2.14
001_1,35.948498,96,10.546611,2.16
001_1,35.948345,97,10.546753,2.18
001_1,35.948265,98,10.546826,2.19
001_1,35.948116,99,10.54697,2.21
001_1,35.947964,100,10.547115,2.23
001_1,35.947887,101,10.547192,2.24
001_1,35.94774,102,10.547345,2.26
001_1,35.9476,103,10.547489,2.28
001_1,35.947487,104,10.547618,2.3
001_1,35.9474,105,10.547719,2.31
001_1,35.94733,106,10.547801,2.32
001_1,35.94728,107,10.547806,2.33
001_1,35.947235,108,10.5478325,2.34
001_1,35.94704,109,10.547994,2.37
001_1,35.946827,110,10.548149,2.4
001_1,35.946747,111,10.5482025,2.41
001_1,35.946568,112,10.548328,2.43
001_1,35.94637,113,10.548457,2.45
001_1,35.946266,114,10.548531,2.46
001_1,35.946163,115,10.548606,2.47
001_1,35.945957,116,10.548769,2.5
001_1,35.945747,117,10.548948,2.53
001_1,35.945515,118,10.549129,2.56
001_1,35.94539,119,10.549223,2.58
001_1,35.945263,120,10.549319,2.6
001_1,35.945133,121,10.549418,2.62
001_1,35.944874,122,10.549612,2.65
001_1,35.944736,123,10.54971,2.67
001_1,35.944454,124,10.549889,2.71
001_1,35.944042,125,10.55013,2.76
001_1,35.9439,126,10.550211,2.78
001_1,35.94362,127,10.550376,2.81
001_1,35.943478,128,10.550455,2.83
001_1,35.943222,129,10.550617,2.86
001_1,35.942978,130,10.550782,2.89
001_1,35.94285,131,10.550865,2.91
001_1,35.942616,132,10.551037,2.94
001_1,35.942497,133,10.551122,2.96
001_1,35.942265,134,10.5513,2.99
001_1,35.942036,135,10.551484,3.02
001_1,35.941814,136,10.551669,3.05
001_1,35.9416,137,10.551849,3.08
001_1,35.941402,138,10.55202,3.11
001_1,35.941208,139,10.552189,3.14
001_1,35.941025,140,10.552349,3.16
001_1,35.94094,141,10.5524235,3.17
001_1,35.94078,142,10.552566,3.19
001_1,35.940628,143,10.552699,3.21
001_1,35.940563,144,10.552761,3.22
001_1,35.940453,145,10.552871,3.24
001_1,35.94037,146,10.552944,3.25
001_1,35.94029,147,10.553015,3.26
001_1,35.940243,148,10.553053,3.27
001_1,35.94017,149,10.553116,3.28
001_1,35.940094,150,10.553162,3.29
001_1,35.940033,151,10.553227,3.3
001_1,35.939915,152,10.553314,3.32
001_1,35.939835,153,10.553365,3.33
001_1,35.93965,154,10.553481,3.35
001_1,35.939465,155,10.553618,3.37
001_1,35.939285,156,10.553771,3.39
001_1,35.93911,157,10.5539255,3.41
001_1,35.939026,158,10.554,3.42
001_1,35.938946,159,10.554074,3.43
001_1,35.93879,160,10.554206,3.45
001_1,35.938717,161,10.554264,3.46
001_1,35.93858,162,10.554379,3.48
001_1,35.93841,163,10.554537,3.5
001_1,35.93825,164,10.554685,3.52
001_1,35.93813,165,10.554786,3.54
001_1,35.93806,166,10.554846,3.55
001_1,35.93802,167,10.554888,3.56
001_1,35.93792,168,10.554988,3.57
001_1,35.937798,169,10.555088,3.59
001_1,35.937733,170,10.555135,3.6
001_1,35.937668,171,10.555181,3.61
001_1,35.937565,172,10.555285,3.62
001_1,35.937466,173,10.5554,3.64
001_1,35.93735,174,10.555522,3.66
001_1,35.937294,175,10.55559,3.67
001_1,35.937172,176,10.555731,3.69
001_1,35.93711,177,10.5558,3.7
001_1,35.93697,178,10.555938,3.72
001_1,35.936825,179,10.556072,3.74
001_1,35.936756,180,10.556142,3.75
001_1,35.936695,181,10.556213,3.76
001_1,35.936565,182,10.556366,3.78
001_1,35.9365,183,10.556441,3.79
001_1,35.936436,184,10.556514,3.8
001_1,35.936317,185,10.556635,3.82
001_1,35.93623,186,10.556723,3.83
001_1,35.936184,187,10.556781,3.84
001_1,35.936142,188,10.556844,3.85
001_1,35.936104,189,10.556889,3.86
001_1,35.936,190,10.55701,3.88
001_1,35.935936,191,10.55708,3.89
001_1,35.9358,192,10.557227,3.91
001_1,35.935646,193,10.557384,3.93
001_1,35.935574,194,10.557461,3.94
001_1,35.93516,195,10.557895,4
001_1,35.934902,196,10.5581665,4.04
001_1,35.934814,197,10.558253,4.05
001_1,35.93467,198,10.558407,4.07
001_1,35.934612,199,10.558474,4.08
001_1,35.934505,200,10.558588,4.1
001_1,35.93446,201,10.558644,4.11
001_1,35.93441,202,10.5587,4.12
001_1,35.934364,203,10.558752,4.13
001_1,35.934326,204,10.558798,4.14
001_1,35.934277,205,10.558861,4.15
001_1,35.934235,206,10.558919,4.16
001_1,35.934143,207,10.559029,4.17
001_1,35.934013,208,10.559191,4.19
001_1,35.933857,209,10.559382,4.21
001_1,35.93369,210,10.559573,4.24
001_1,35.93353,211,10.559733,4.26
001_1,35.933453,212,10.559797,4.27
001_1,35.93333,213,10.559899,4.29
001_1,35.933292,214,10.559946,4.3
001_1,35.933212,215,10.560041,4.31
001_1,35.933113,216,10.560127,4.32
001_1,35.93296,217,10.560269,4.34
001_1,35.932865,218,10.560357,4.35
001_1,35.93277,219,10.5604515,4.36
001_1,35.932568,220,10.560639,4.39
001_1,35.93246,221,10.560732,4.4
001_1,35.932266,222,10.560909,4.43
001_1,35.931797,223,10.561354,4.5
001_1,35.93168,224,10.561454,4.52
001_1,35.931633,225,10.561492,4.53
001_1,35.93154,226,10.56154,4.54
001_1,35.93148,227,10.561572,4.55
001_1,35.931343,228,10.56168,4.57
001_1,35.931133,229,10.561863,4.6
001_1,35.93089,230,10.562093,4.63
001_1,35.93077,231,10.562211,4.65
001_1,35.93066,232,10.562332,4.67
001_1,35.930458,233,10.562573,4.7
001_1,35.93026,234,10.562803,4.73
001_1,35.93008,235,10.563019,4.76
001_1,35.92991,236,10.563226,4.79
001_1,35.929405,237,10.563763,4.86
001_1,35.929207,238,10.563977,4.89
001_1,35.9291,239,10.564075,4.9
001_1,35.929054,240,10.564123,4.91
001_1,35.929016,241,10.564158,4.92
001_1,35.928978,242,10.564192,4.93
001_1,35.928852,243,10.564289,4.95
001_1,35.928677,244,10.564425,4.97
001_1,35.928497,245,10.564594,5
001_1,35.92842,246,10.564676,5.01
001_1,35.928303,247,10.56481,5.03
001_1,35.928265,248,10.564852,5.04
001_1,35.928215,249,10.564896,5.05
001_1,35.928173,250,10.564924,5.06
001_1,35.928116,251,10.564958,5.07
001_1,35.928062,252,10.564999,5.08
001_1,35.927917,253,10.565121,5.1
001_1,35.927742,254,10.565294,5.12
001_1,35.92764,255,10.56539,5.13
001_1,35.927433,256,10.565593,5.16
001_1,35.927322,257,10.565696,5.18
001_1,35.927208,258,10.565798,5.2
001_1,35.926975,259,10.566,5.23
001_1,35.92676,260,10.566204,5.26
001_1,35.92655,261,10.566405,5.29
001_1,35.926342,262,10.56659,5.32
001_1,35.92612,263,10.566769,5.35
001_1,35.926006,264,10.566858,5.37
001_1,35.92582,265,10.567001,5.39
001_1,35.9257,266,10.56709,5.41
001_1,35.92562,267,10.567159,5.42
001_1,35.925568,268,10.56719,5.43
001_1,35.925484,269,10.567234,5.44
001_1,35.92538,270,10.567296,5.45
001_1,35.925247,271,10.567381,5.47
001_1,35.92508,272,10.567475,5.49
001_1,35.924885,273,10.56758,5.51
001_1,35.92468,274,10.567695,5.54
001_1,35.924458,275,10.567819,5.57
001_1,35.924236,276,10.56796,5.6
001_1,35.924015,277,10.568098,5.63
001_1,35.923805,278,10.568218,5.66
001_1,35.9236,279,10.568336,5.69
001_1,35.9235,280,10.5683975,5.7
001_1,35.923317,281,10.568513,5.72
001_1,35.92316,282,10.568604,5.74
001_1,35.923107,283,10.568637,5.75
001_1,35.923035,284,10.568669,5.76
001_1,35.922985,285,10.568692,5.77
001_1,35.9229,286,10.568746,5.78
001_1,35.922726,287,10.568868,5.8
001_1,35.92262,288,10.568936,5.81
001_1,35.922394,289,10.56907,5.84
001_1,35.922176,290,10.569197,5.87
001_1,35.921974,291,10.569338,5.9
001_1,35.921867,292,10.569415,5.91
001_1,35.921654,293,10.569582,5.94
001_1,35.92143,294,10.569773,5.97
001_1,35.92126,295,10.569894,5.99
001_1,35.92111,296,10.569961,6.01
001_1,35.92101,297,10.570027,6.02
001_1,35.92093,298,10.570076,6.03
001_1,35.92084,299,10.570132,6.04
001_1,35.920742,300,10.570193,6.05
001_1,35.92064,301,10.570259,6.06
001_1,35.920532,302,10.570327,6.07
001_1,35.920307,303,10.570463,6.1
001_1,35.92019,304,10.570534,6.11
001_1,35.919964,305,10.570675,6.14
001_1,35.919746,306,10.570818,6.17
001_1,35.91953,307,10.570963,6.2
001_1,35.919365,308,10.5710745,6.22
001_1,35.91918,309,10.571212,6.24
001_1,35.918953,310,10.57141,6.27
001_1,35.918903,311,10.571447,6.28
001_1,35.918846,312,10.571482,6.29
001_1,35.91877,313,10.571523,6.3
001_1,35.9186,314,10.571611,6.32
001_1,35.918503,315,10.571659,6.33
001_1,35.91831,316,10.571767,6.35
001_1,35.91821,317,10.571823,6.36
001_1,35.918106,318,10.571879,6.37
001_1,35.917904,319,10.5720005,6.39
001_1,35.917793,320,10.572063,6.4
001_1,35.917683,321,10.572126,6.41
001_1,35.917576,322,10.572191,6.42
001_1,35.917465,323,10.57226,6.43
001_1,35.917255,324,10.572399,6.46
001_1,35.917156,325,10.572472,6.47
001_1,35.916985,326,10.572604,6.49
001_1,35.916893,327,10.57272,6.5
001_1,35.916847,328,10.572792,6.51
001_1,35.91679,329,10.572839,6.52
001_1,35.91674,330,10.572875,6.53
001_1,35.916676,331,10.572918,6.54
001_1,35.916515,332,10.573018,6.56
001_1,35.916325,333,10.573127,6.58
001_1,35.916138,334,10.5732355,6.6
001_1,35.91595,335,10.5733595,6.62
001_1,35.915756,336,10.5735,6.65
001_1,35.915543,337,10.573639,6.68
001_1,35.91532,338,10.57378,6.71
001_1,35.91521,339,10.573856,6.72
001_1,35.914997,340,10.57401,6.75
001_1,35.914783,341,10.574164,6.78
001_1,35.914566,342,10.574316,6.81
001_1,35.914455,343,10.574391,6.82
001_1,35.914246,344,10.574553,6.85
001_1,35.914036,345,10.574712,6.88
001_1,35.913925,346,10.574794,6.89
001_1,35.91371,347,10.574949,6.92
001_1,35.913517,348,10.575103,6.95
001_1,35.91342,349,10.575181,6.96
001_1,35.913254,350,10.57534,6.98
001_1,35.913166,351,10.575429,6.99
001_1,35.912994,352,10.575604,7.01
001_1,35.91281,353,10.5757675,7.04
001_1,35.912724,354,10.575828,7.05
001_1,35.912678,355,10.575855,7.06
001_1,35.91263,356,10.575904,7.07
001_1,35.912594,357,10.575946,7.08
001_1,35.912518,358,10.576017,7.09
001_1,35.912476,359,10.576043,7.1
001_1,35.912422,360,10.576069,7.11
001_1,35.912304,361,10.576125,7.12
001_1,35.91224,362,10.576162,7.13
001_1,35.912106,363,10.57626,7.15
001_1,35.912025,364,10.576324,7.16
001_1,35.911842,365,10.576484,7.18
001_1,35.911747,366,10.576569,7.19
001_1,35.911648,367,10.576656,7.2
001_1,35.91155,368,10.576746,7.21
001_1,35.91135,369,10.57692,7.24
001_1,35.911243,370,10.5770035,7.25
001_1,35.911133,371,10.577084,7.26
001_1,35.9109,372,10.577235,7.29
001_1,35.910683,373,10.577385,7.32
001_1,35.910572,374,10.577468,7.33
001_1,35.91046,375,10.577554,7.34
001_1,35.91025,376,10.577724,7.37
001_1,35.91014,377,10.577809,7.38
001_1,35.90992,378,10.577985,7.41
001_1,35.90981,379,10.578073,7.42
001_1,35.909588,380,10.57825,7.45
001_1,35.909386,381,10.578423,7.48
001_1,35.90928,382,10.578507,7.49
001_1,35.90918,383,10.578586,7.5
001_1,35.90898,384,10.578734,7.53
001_1,35.90889,385,10.578804,7.54
001_1,35.908722,386,10.578938,7.56
001_1,35.908638,387,10.579003,7.57
001_1,35.90849,388,10.579115,7.59
001_1,35.90843,389,10.579164,7.6
001_1,35.90838,390,10.579199,7.61
001_1,35.90833,391,10.579227,7.62
001_1,35.90837,392,10.579191,7.63
001_1,35.908287,393,10.579234,7.64
001_1,35.908157,394,10.579311,7.66
001_1,35.908,395,10.579407,7.68
001_1,35.907917,396,10.579464,7.69
001_1,35.90782,397,10.579526,7.7
001_1,35.907623,398,10.579658,7.72
001_1,35.907413,399,10.579787,7.75
001_1,35.907307,400,10.579852,7.76
001_1,35.9071,401,10.579982,7.79
001_1,35.90692,402,10.580114,7.81
001_1,35.906853,403,10.580178,7.82
001_1,35.9068,404,10.5802355,7.83
001_1,35.906704,405,10.580316,7.84
001_1,35.90662,406,10.580328,7.85
001_1,35.906498,407,10.580358,7.86
001_1,35.906338,408,10.580435,7.88
001_1,35.906235,409,10.580482,7.89
001_1,35.90602,410,10.580577,7.92
001_1,35.905907,411,10.580627,7.93
001_1,35.905655,412,10.580733,7.96
001_1,35.905388,413,10.580844,7.99
001_1,35.905132,414,10.580981,8.02
001_1,35.90501,415,10.58106,8.04
001_1,35.90478,416,10.581242,8.07
001_1,35.904667,417,10.581337,8.09
001_1,35.904453,418,10.581517,8.12
001_1,35.90436,419,10.581602,8.13
001_1,35.904205,420,10.581773,8.15
001_1,35.90406,421,10.581946,8.17
001_1,35.903927,422,10.582107,8.19
001_1,35.903805,423,10.582256,8.21
001_1,35.903683,424,10.582408,8.23
001_1,35.90363,425,10.582478,8.24
001_1,35.90356,426,10.582554,8.25
001_1,35.903446,427,10.582647,8.27
001_1,35.903366,428,10.582712,8.28
001_1,35.90319,429,10.582849,8.3
001_1,35.903,430,10.582992,8.32
001_1,35.9029,431,10.583071,8.33
001_1,35.9027,432,10.583239,8.36
001_1,35.9026,433,10.583322,8.37
001_1,35.902412,434,10.583474,8.39
001_1,35.902325,435,10.583551,8.4
001_1,35.902145,436,10.583705,8.42
001_1,35.901985,437,10.583852,8.44
001_1,35.901913,438,10.583919,8.45
001_1,35.901848,439,10.58398,8.46
001_1,35.90173,440,10.58408,8.48
001_1,35.901615,441,10.584181,8.5
001_1,35.90156,442,10.584232,8.51
001_1,35.90147,443,10.5843315,8.52
001_1,35.901356,444,10.5844555,8.54
001_1,35.901283,445,10.584527,8.55
001_1,35.901146,446,10.584664,8.57
001_1,35.900898,447,10.58486,8.6
001_1,35.900856,448,10.584882,8.61
001_1,35.900814,449,10.5849085,8.62
001_1,35.90071,450,10.584978,8.63
001_1,35.90064,451,10.585018,8.64
001_1,35.90056,452,10.585065,8.65
001_1,35.900475,453,10.585124,8.66
001_1,35.90031,454,10.585278,8.68
001_1,35.900227,455,10.585359,8.69
001_1,35.900066,456,10.585528,8.71
001_1,35.899895,457,10.585709,8.74
001_1,35.89971,458,10.585906,8.77
001_1,35.89952,459,10.586104,8.8
001_1,35.89933,460,10.586289,8.83
001_1,35.899235,461,10.586374,8.84
001_1,35.899048,462,10.586537,8.87
001_1,35.89895,463,10.586623,8.88
001_1,35.898773,464,10.5868025,8.91
001_1,35.898685,465,10.586886,8.92
001_1,35.898514,466,10.587042,8.94
001_1,35.898426,467,10.587123,8.95
001_1,35.89825,468,10.587283,8.97
001_1,35.898163,469,10.587365,8.98
001_1,35.897987,470,10.58752,9
001_1,35.8979,471,10.587592,9.01
001_1,35.89781,472,10.5876665,9.02
001_1,35.897648,473,10.587825,9.04
001_1,35.897514,474,10.588004,9.06
001_1,35.89745,475,10.588097,9.07
001_1,35.897312,476,10.58826,9.09
001_1,35.897152,477,10.588401,9.11
001_1,35.89698,478,10.588558,9.13
001_1,35.896828,479,10.588742,9.15
001_1,35.896755,480,10.588835,9.16
001_1,35.896626,481,10.589009,9.18
001_1,35.896423,482,10.5892515,9.21
001_1,35.896427,483,10.58917,9.22
001_1,35.896374,484,10.589215,9.23
001_1,35.89628,485,10.589329,9.24
001_1,35.896214,486,10.5893955,9.25
001_1,35.896145,487,10.589466,9.26
001_1,35.89599,488,10.589632,9.28
001_1,35.895897,489,10.589718,9.29
001_1,35.8958,490,10.5898075,9.3
001_1,35.89562,491,10.589992,9.33
001_1,35.89542,492,10.590169,9.36
001_1,35.895317,493,10.590251,9.37
001_1,35.89521,494,10.590335,9.38
001_1,35.89511,495,10.590422,9.39
001_1,35.8949,496,10.5906,9.42
001_1,35.89468,497,10.5907955,9.45
001_1,35.894463,498,10.590996,9.48
001_1,35.89435,499,10.591097,9.5
001_1,35.894234,500,10.591198,9.52
001_1,35.894,501,10.591393,9.55
001_1,35.893772,502,10.591586,9.58
001_1,35.893665,503,10.591696,9.6
001_1,35.89356,504,10.591811,9.62
001_1,35.893467,505,10.591943,9.64
001_1,35.89338,506,10.592078,9.66
001_1,35.8932,507,10.592333,9.69
001_1,35.893017,508,10.592579,9.72
001_1,35.89292,509,10.592701,9.74
001_1,35.892723,510,10.592934,9.77
001_1,35.892628,511,10.59304,9.78
001_1,35.89244,512,10.593226,9.81
001_1,35.89226,513,10.593404,9.84
001_1,35.892063,514,10.593593,9.87
001_1,35.891865,515,10.593779,9.9
001_1,35.891758,516,10.593871,9.91
001_1,35.891644,517,10.593969,9.93
001_1,35.891224,518,10.5943575,9.99
001_1,35.891125,519,10.594452,10
001_1,35.89107,520,10.594511,10.01
001_1,35.891026,521,10.594529,10.02
001_1,35.8909,522,10.594585,10.03
001_1,35.890755,523,10.594654,10.05
001_1,35.890686,524,10.594693,10.06
001_1,35.890575,525,10.594782,10.07
001_1,35.89053,526,10.594831,10.08
001_1,35.89047,527,10.594907,10.09
001_1,35.89043,528,10.594945,10.1
001_1,35.890385,529,10.594974,10.11
001_1,35.89028,530,10.594997,10.12
001_1,35.890232,531,10.594998,10.13
001_1,35.89013,532,10.595017,10.14
001_1,35.89007,533,10.59504,10.15
001_1,35.890007,534,10.595073,10.16
001_1,35.88986,535,10.595156,10.18
001_1,35.889767,536,10.595207,10.19
001_1,35.889565,537,10.595321,10.21
001_1,35.889347,538,10.595455,10.24
001_1,35.889126,539,10.595597,10.27
001_1,35.888905,540,10.595733,10.3
001_1,35.888702,541,10.595863,10.33
001_1,35.88851,542,10.595977,10.35
001_1,35.888332,543,10.5960865,10.37
001_1,35.88825,544,10.59614,10.38
001_1,35.888126,545,10.59622,10.4
001_1,35.888065,546,10.596308,10.41
001_1,35.887997,547,10.596327,10.42
001_1,35.887886,548,10.596362,10.43
001_1,35.88773,549,10.59642,10.45
001_1,35.887638,550,10.596465,10.46
001_1,35.88744,551,10.596572,10.48
001_1,35.88733,552,10.596628,10.49
001_1,35.88712,553,10.596736,10.52
001_1,35.886906,554,10.596828,10.55
001_1,35.886803,555,10.5968685,10.56
001_1,35.886707,556,10.596909,10.57
001_1,35.88653,557,10.596992,10.59
001_1,35.886368,558,10.5970745,10.61
001_1,35.886196,559,10.597155,10.63
001_1,35.88611,560,10.597196,10.64
001_1,35.88593,561,10.597284,10.66
001_1,35.88583,562,10.597338,10.67
001_1,35.885628,563,10.597449,10.69
001_1,35.885525,564,10.597504,10.7
001_1,35.885418,565,10.597558,10.71
001_1,35.885307,566,10.597615,10.72
001_1,35.8852,567,10.597675,10.73
001_1,35.884983,568,10.597805,10.76
001_1,35.884876,569,10.597874,10.77
001_1,35.88477,570,10.597941,10.78
001_1,35.884556,571,10.598067,10.81
001_1,35.884445,572,10.5981245,10.82
001_1,35.884228,573,10.598234,10.85
001_1,35.884125,574,10.598289,10.86
001_1,35.884014,575,10.598338,10.87
001_1,35.883793,576,10.598413,10.9
001_1,35.88368,577,10.598441,10.91
001_1,35.88346,578,10.598492,10.93
001_1,35.88335,579,10.598515,10.94
001_1,35.88324,580,10.598536,10.95
001_1,35.883026,581,10.598579,10.97
001_1,35.882812,582,10.598623,10.99
001_1,35.88271,583,10.598648,11
001_1,35.882504,584,10.5987015,11.02
001_1,35.8824,585,10.598727,11.03
001_1,35.882206,586,10.598777,11.05
001_1,35.882103,587,10.598804,11.06
001_1,35.881733,588,10.598915,11.1
001_1,35.88167,589,10.598922,11.11
001_1,35.881546,590,10.598933,11.12
001_1,35.88139,591,10.598944,11.14
001_1,35.8812,592,10.598954,11.16
001_1,35.881096,593,10.598963,11.17
001_1,35.880875,594,10.598987,11.19
001_1,35.880653,595,10.599024,11.21
001_1,35.880432,596,10.599072,11.23
001_1,35.880215,597,10.599122,11.25
001_1,35.88001,598,10.599169,11.27
001_1,35.879818,599,10.599221,11.29
001_1,35.879734,600,10.599265,11.3
001_1,35.8796,601,10.5994005,11.32
001_1,35.879547,602,10.599488,11.33
001_1,35.87944,603,10.599664,11.35
001_1,35.879307,604,10.599773,11.37
001_1,35.87923,605,10.599787,11.38
001_1,35.87909,606,10.599747,11.4
001_1,35.879013,607,10.599713,11.41
001_1,35.878937,608,10.599683,11.42
001_1,35.87879,609,10.599647,11.44
001_1,35.878723,610,10.599646,11.45
001_1,35.878647,611,10.599656,11.46
001_1,35.878475,612,10.599702,11.48
001_1,35.878284,613,10.599751,11.5
001_1,35.878075,614,10.599809,11.52
001_1,35.87785,615,10.599884,11.55
001_1,35.87762,616,10.599981,11.58
001_1,35.877506,617,10.600036,11.59
001_1,35.877388,618,10.600084,11.6
001_1,35.877155,619,10.60017,11.63
001_1,35.876923,620,10.600257,11.66
001_1,35.876804,621,10.600301,11.67
001_1,35.87658,622,10.600384,11.7
001_1,35.876354,623,10.600466,11.73
001_1,35.876133,624,10.600547,11.76
001_1,35.875908,625,10.600626,11.79
001_1,35.875683,626,10.600694,11.82
001_1,35.87546,627,10.60076,11.85
001_1,35.875233,628,10.600845,11.88
001_1,35.87513,629,10.600885,11.89
001_1,35.874916,630,10.600969,11.91
001_1,35.874702,631,10.601043,11.93
001_1,35.874485,632,10.601117,11.96
001_1,35.874367,633,10.601156,11.97
001_1,35.874245,634,10.601202,11.98
001_1,35.873783,635,10.601398,12.03
001_1,35.87369,636,10.601446,12.04
001_1,35.873623,637,10.601468,12.05
001_1,35.873478,638,10.60151,12.07
001_1,35.873383,639,10.601539,12.08
001_1,35.873287,640,10.601572,12.09
001_1,35.87318,641,10.601608,12.1
001_1,35.87296,642,10.601684,12.13
001_1,35.87284,643,10.601724,12.14
001_1,35.87261,644,10.601809,12.17
001_1,35.872364,645,10.601905,12.2
001_1,35.872128,646,10.602014,12.23
001_1,35.871906,647,10.602125,12.26
001_1,35.871796,648,10.602176,12.27
001_1,35.871582,649,10.602274,12.3
001_1,35.87136,650,10.602366,12.33
001_1,35.87115,651,10.602454,12.35
001_1,35.870945,652,10.602539,12.37
001_1,35.870743,653,10.60263,12.39
001_1,35.87053,654,10.60272,12.42
001_1,35.87031,655,10.602828,12.45
001_1,35.870106,656,10.602972,12.48
001_1,35.869923,657,10.603127,12.5
001_1,35.869762,658,10.603271,12.52
001_1,35.869686,659,10.603336,12.53
001_1,35.869537,660,10.603448,12.55
001_1,35.869385,661,10.603555,12.57
001_1,35.86931,662,10.603618,12.58
001_1,35.869225,663,10.603687,12.59
001_1,35.869026,664,10.603855,12.62
001_1,35.868835,665,10.604002,12.65
001_1,35.868565,666,10.604136,12.68
001_1,35.8685,667,10.60417,12.69
001_1,35.86844,668,10.604194,12.7
001_1,35.868374,669,10.604224,12.71
001_1,35.86822,670,10.604292,12.73
001_1,35.868153,671,10.60434,12.74
001_1,35.86804,672,10.604456,12.76
001_1,35.867996,673,10.604519,12.77
001_1,35.86792,674,10.604637,12.78
001_1,35.86788,675,10.604689,12.79
001_1,35.86781,676,10.604793,12.8
001_1,35.867775,677,10.604846,12.81
001_1,35.867714,678,10.604938,12.82
001_1,35.867657,679,10.604997,12.83
001_1,35.86762,680,10.605029,12.84
001_1,35.867535,681,10.60511,12.85
001_1,35.867428,682,10.605213,12.87
001_1,35.86729,683,10.60535,12.89
001_1,35.867203,684,10.605439,12.9
001_1,35.867035,685,10.605633,12.93
001_1,35.86686,686,10.605837,12.96
001_1,35.86677,687,10.605932,12.97
001_1,35.866592,688,10.606102,13
001_1,35.866436,689,10.606254,13.02
001_1,35.86631,690,10.606452,13.04
001_1,35.866264,691,10.606512,13.05
001_1,35.866222,692,10.606562,13.06
001_1,35.866104,693,10.606674,13.08
001_1,35.866035,694,10.606742,13.09
001_1,35.86589,695,10.606881,13.11
001_1,35.865818,696,10.606954,13.12
001_1,35.86567,697,10.607097,13.14
001_1,35.865593,698,10.607171,13.15
001_1,35.865448,699,10.607318,13.17
001_1,35.86538,700,10.607395,13.18
001_1,35.865257,701,10.607548,13.2
001_1,35.865204,702,10.607628,13.21
001_1,35.8651,703,10.607762,13.23
001_1,35.86505,704,10.60782,13.24
001_1,35.86501,705,10.607869,13.25
001_1,35.864952,706,10.607951,13.26
001_1,35.86493,707,10.608023,13.27
001_1,35.8649,708,10.60807,13.28
001_1,35.864803,709,10.608163,13.29
001_1,35.86474,710,10.608224,13.3
001_1,35.86467,711,10.608294,13.31
001_1,35.86451,712,10.608448,13.33
001_1,35.864426,713,10.608525,13.34
001_1,35.864346,714,10.608606,13.35
001_1,35.864265,715,10.60869,13.36
001_1,35.86418,716,10.608775,13.37
001_1,35.8641,717,10.608861,13.38
001_1,35.86402,718,10.608949,13.39
001_1,35.86386,719,10.609121,13.41
001_1,35.86378,720,10.609205,13.42
001_1,35.863625,721,10.609346,13.44
001_1,35.863544,722,10.609415,13.45
001_1,35.86347,723,10.609487,13.46
001_1,35.863316,724,10.609645,13.48
001_1,35.86324,725,10.609728,13.49
001_1,35.863163,726,10.60981,13.5
001_1,35.863003,727,10.609984,13.52
001_1,35.862923,728,10.610073,13.53
001_1,35.86276,729,10.610245,13.55
001_1,35.862675,730,10.610329,13.56
001_1,35.862495,731,10.610481,13.58
001_1,35.862316,732,10.610634,13.6
001_1,35.862156,733,10.6107855,13.62
001_1,35.86201,734,10.610921,13.64
001_1,35.861958,735,10.610976,13.65
001_1,35.861923,736,10.611042,13.66
001_1,35.861885,737,10.611074,13.67
001_1,35.861763,738,10.611185,13.69
001_1,35.861603,739,10.611329,13.71
001_1,35.86152,740,10.611408,13.72
001_1,35.861435,741,10.611491,13.73
001_1,35.86135,742,10.611573,13.74
001_1,35.861183,743,10.611734,13.76
001_1,35.86109,744,10.61182,13.77
001_1,35.861008,745,10.611911,13.78
001_1,35.86092,746,10.612004,13.79
001_1,35.860744,747,10.6122,13.82
001_1,35.86057,748,10.612397,13.85
001_1,35.86048,749,10.612493,13.86
001_1,35.860317,750,10.612668,13.88
001_1,35.860237,751,10.612752,13.89
001_1,35.86009,752,10.612915,13.91
001_1,35.860016,753,10.612995,13.92
001_1,35.859894,754,10.613131,13.94
001_1,35.859818,755,10.613176,13.95
001_1,35.85977,756,10.613213,13.96
001_1,35.85966,757,10.613312,13.98
001_1,35.859512,758,10.613454,14
001_1,35.85933,759,10.613617,14.03
001_1,35.859146,760,10.613796,14.06
001_1,35.858967,761,10.613973,14.09
001_1,35.85887,762,10.614061,14.1
001_1,35.858685,763,10.614219,14.13
001_1,35.85859,764,10.614292,14.14
001_1,35.858406,765,10.614436,14.16
001_1,35.85831,766,10.61451,14.17
001_1,35.858124,767,10.6146345,14.19
001_1,35.85798,768,10.614807,14.21
001_1,35.857876,769,10.614861,14.22
001_1,35.8578,770,10.614899,14.23
001_1,35.857716,771,10.614941,14.24
001_1,35.857533,772,10.615033,14.26
001_1,35.857334,773,10.615129,14.28
001_1,35.857136,774,10.615231,14.3
001_1,35.857037,775,10.615274,14.31
001_1,35.856937,776,10.615314,14.32
001_1,35.85674,777,10.61538,14.34
001_1,35.856552,778,10.615428,14.36
001_1,35.85647,779,10.615451,14.37
001_1,35.85634,780,10.615501,14.39
001_1,35.856205,781,10.615565,14.41
001_1,35.85611,782,10.615599,14.42
001_1,35.85605,783,10.615612,14.43
001_1,35.855984,784,10.615621,14.44
001_1,35.855827,785,10.615633,14.46
001_1,35.85574,786,10.615636,14.47
001_1,35.855648,787,10.615639,14.48
001_1,35.855553,788,10.615644,14.49
001_1,35.855457,789,10.615649,14.5
001_1,35.855263,790,10.615664,14.52
001_1,35.855164,791,10.615674,14.53
001_1,35.85508,792,10.6156845,14.54
001_1,35.855,793,10.615691,14.55
001_1,35.85492,794,10.615685,14.56
001_1,35.854855,795,10.6156845,14.57
001_1,35.85473,796,10.615688,14.58
001_1,35.854652,797,10.615689,14.59
001_1,35.854565,798,10.615701,14.6
001_1,35.854473,799,10.615719,14.61
001_1,35.854366,800,10.615745,14.62
001_1,35.85426,801,10.615771,14.63
001_1,35.85404,802,10.615823,14.65
001_1,35.853924,803,10.615845,14.66
001_1,35.853817,804,10.615863,14.67
001_1,35.853714,805,10.615876,14.68
001_1,35.8533,806,10.615933,14.73
001_1,35.853085,807,10.615938,14.75
001_1,35.85299,808,10.615951,14.76
001_1,35.85284,809,10.61598,14.78
001_1,35.852745,810,10.615993,14.79
001_1,35.852543,811,10.616014,14.81
001_1,35.852325,812,10.61604,14.83
001_1,35.852215,813,10.616059,14.84
001_1,35.852108,814,10.616082,14.85
001_1,35.851906,815,10.616146,14.87
001_1,35.851715,816,10.616208,14.89
001_1,35.851555,817,10.616233,14.91
001_1,35.851418,818,10.616219,14.93
001_1,35.85129,819,10.616207,14.94
001_1,35.851215,820,10.61621,14.95
001_1,35.85113,821,10.616218,14.96
001_1,35.85093,822,10.616237,14.98
001_1,35.850708,823,10.616276,15
001_1,35.85059,824,10.6163025,15.01
001_1,35.850365,825,10.616374,15.04
001_1,35.850246,826,10.616422,15.05
001_1,35.850006,827,10.616537,15.08
001_1,35.8499,828,10.616602,15.09
001_1,35.849796,829,10.616668,15.1
001_1,35.84964,830,10.616773,15.12
001_1,35.849533,831,10.616841,15.13
001_1,35.84937,832,10.616954,15.15
001_1,35.84929,833,10.617011,15.16
001_1,35.849117,834,10.617071,15.18
001_1,35.849037,835,10.61714,15.19
001_1,35.84891,836,10.61723,15.21
001_1,35.848763,837,10.617331,15.23
001_1,35.848686,838,10.617388,15.24
001_1,35.848534,839,10.617516,15.26
001_1,35.84846,840,10.617585,15.27
001_1,35.848312,841,10.617722,15.29
001_1,35.84823,842,10.6177845,15.3
001_1,35.84805,843,10.617911,15.32
001_1,35.847855,844,10.618052,15.35
001_1,35.847656,845,10.618191,15.38
001_1,35.847477,846,10.6183195,15.4
001_1,35.847404,847,10.618387,15.41
001_1,35.847336,848,10.618461,15.42
001_1,35.847206,849,10.618617,15.44
001_1,35.847153,850,10.618687,15.45
001_1,35.847073,851,10.618712,15.46
001_1,35.847034,852,10.618747,15.47
001_1,35.846977,853,10.618842,15.48
001_1,35.846893,854,10.618976,15.5
001_1,35.846844,855,10.619052,15.51
001_1,35.846798,856,10.61912,15.52
001_1,35.84675,857,10.619171,15.53
001_1,35.84665,858,10.619218,15.54
001_1,35.84659,859,10.619214,15.55
001_1,35.84653,860,10.619195,15.56
001_1,35.846424,861,10.619142,15.57
001_1,35.846348,862,10.619093,15.58
001_1,35.846317,863,10.619046,15.59
001_1,35.846226,864,10.6190195,15.6
001_1,35.846073,865,10.619014,15.62
001_1,35.84589,866,10.619057,15.64
001_1,35.845695,867,10.6191,15.66
001_1,35.845493,868,10.61914,15.68
001_1,35.845287,869,10.619166,15.7
001_1,35.84518,870,10.619175,15.71
001_1,35.84498,871,10.619169,15.73
001_1,35.84478,872,10.619131,15.75
001_1,35.84462,873,10.61907,15.77
001_1,35.84455,874,10.619038,15.78
001_1,35.844482,875,10.619003,15.79
001_1,35.844418,876,10.618967,15.8
001_1,35.84429,877,10.618894,15.82
001_1,35.844173,878,10.618815,15.83
001_1,35.84405,879,10.618736,15.85
001_1,35.843925,880,10.618655,15.87
001_1,35.84381,881,10.618565,15.89
001_1,35.843754,882,10.61851,15.9
001_1,35.843685,883,10.618451,15.91
001_1,35.84362,884,10.618391,15.92
001_1,35.843555,885,10.618331,15.93
001_1,35.843384,886,10.6181965,15.95
001_1,35.843315,887,10.6182165,15.96
001_1,35.843258,888,10.618208,15.97
001_1,35.843193,889,10.618172,15.98
001_1,35.843147,890,10.6181345,15.99
001_1,35.843044,891,10.618031,16
001_1,35.842934,892,10.617907,16.02
001_1,35.84283,893,10.617787,16.04
001_1,35.84274,894,10.6177025,16.05
001_1,35.842648,895,10.617709,16.06
001_1,35.842648,896,10.61777,16.07
001_1,35.842575,897,10.617869,16.08
001_1,35.842525,898,10.617932,16.09
001_1,35.84243,899,10.618079,16.11
001_1,35.84239,900,10.618166,16.12
001_1,35.842342,901,10.618258,16.13
001_1,35.84226,902,10.618446,16.15
001_1,35.842213,903,10.618542,16.16
001_1,35.842113,904,10.618744,16.18
001_1,35.84206,905,10.618839,16.19
001_1,35.841957,906,10.619008,16.21
001_1,35.841904,907,10.619086,16.22
001_1,35.84178,908,10.619253,16.24
001_1,35.841652,909,10.619458,16.26
001_1,35.841507,910,10.619684,16.29
001_1,35.84143,911,10.619802,16.3
001_1,35.84135,912,10.619927,16.31
001_1,35.841198,913,10.6201725,16.34
001_1,35.84113,914,10.620297,16.35
001_1,35.84099,915,10.620552,16.38
001_1,35.840855,916,10.620812,16.41
001_1,35.840736,917,10.621068,16.44
001_1,35.840622,918,10.62131,16.47
001_1,35.840508,919,10.621548,16.49
001_1,35.840405,920,10.621765,16.51
001_1,35.840355,921,10.621867,16.52
001_1,35.8403,922,10.621967,16.53
001_1,35.84025,923,10.622065,16.54
001_1,35.84017,924,10.622248,16.56
001_1,35.840096,925,10.622414,16.58
001_1,35.84,926,10.622541,16.6
001_1,35.83989,927,10.622588,16.61
001_1,35.839836,928,10.622584,16.62
001_1,35.839733,929,10.62257,16.63
001_1,35.83968,930,10.622588,16.64
001_1,35.839622,931,10.622614,16.65
001_1,35.839573,932,10.622658,16.66
001_1,35.839516,933,10.62271,16.67
001_1,35.839428,934,10.622777,16.68
001_1,35.83937,935,10.622828,16.69
001_1,35.839317,936,10.622887,16.7
001_1,35.83919,937,10.6230135,16.72
001_1,35.839123,938,10.62308,16.73
001_1,35.83899,939,10.623216,16.75
001_1,35.838844,940,10.623362,16.77
001_1,35.8387,941,10.623512,16.79
001_1,35.838554,942,10.623664,16.81
001_1,35.83848,943,10.6237335,16.82
001_1,35.838364,944,10.6238575,16.84
001_1,35.83838,945,10.623941,16.85
001_1,35.838314,946,10.624021,16.86
001_1,35.838264,947,10.624077,16.87
001_1,35.838135,948,10.624212,16.89
001_1,35.837994,949,10.624352,16.91
001_1,35.837925,950,10.6244335,16.92
001_1,35.8378,951,10.624603,16.94
001_1,35.83769,952,10.624767,16.96
001_1,35.837593,953,10.624924,16.98
001_1,35.83751,954,10.625091,17
001_1,35.83743,955,10.625289,17.02
001_1,35.837296,956,10.625572,17.05
001_1,35.83716,957,10.625796,17.08
001_1,35.837013,958,10.625938,17.1
001_1,35.83695,959,10.625977,17.11
001_1,35.83689,960,10.626006,17.12
001_1,35.83685,961,10.626042,17.13
001_1,35.836803,962,10.626076,17.14
001_1,35.836742,963,10.626114,17.15
001_1,35.83665,964,10.626174,17.16
001_1,35.836544,965,10.626257,17.17
001_1,35.836422,966,10.626343,17.19
001_1,35.836357,967,10.626388,17.2
001_1,35.83629,968,10.6264305,17.21
001_1,35.836224,969,10.626469,17.22
001_1,35.836082,970,10.626551,17.24
001_1,35.83601,971,10.6266,17.25
001_1,35.83593,972,10.626652,17.26
001_1,35.835766,973,10.626751,17.28
001_1,35.835606,974,10.626854,17.3
001_1,35.835426,975,10.626953,17.32
001_1,35.835236,976,10.627047,17.34
001_1,35.835056,977,10.627146,17.36
001_1,35.834892,978,10.627268,17.38
001_1,35.834747,979,10.627397,17.4
001_1,35.834682,980,10.627457,17.41
001_1,35.834614,981,10.627525,17.42
001_1,35.83452,982,10.627669,17.44
001_1,35.834457,983,10.627782,17.45
001_1,35.8344,984,10.627876,17.46
001_1,35.83433,985,10.627954,17.47
001_1,35.8343,986,10.628018,17.48
001_1,35.83428,987,10.628066,17.48
001_1,35.83426,988,10.628118,17.49
001_1,35.834213,989,10.628227,17.5
001_1,35.83417,990,10.628322,17.51
001_1,35.83413,991,10.628403,17.52
001_1,35.834076,992,10.62849,17.53
001_1,35.83406,993,10.628545,17.54
001_1,35.83403,994,10.628608,17.55
001_1,35.833996,995,10.628676,17.56
001_1,35.833954,996,10.62875,17.57
001_1,35.833908,997,10.62883,17.58
001_1,35.83387,998,10.628915,17.59
001_1,35.83383,999,10.628979,17.6
001_1,35.83379,1000,10.629064,17.61
001_1,35.833733,1001,10.62916,17.62
001_1,35.833683,1002,10.62925,17.63
001_1,35.833637,1003,10.629339,17.64
001_1,35.8336,1004,10.629441,17.65
001_1,35.83358,1005,10.629499,17.66
001_1,35.83354,1006,10.629619,17.67
001_1,35.833515,1007,10.62968,17.68
001_1,35.83349,1008,10.629744,17.69
001_1,35.833412,1009,10.629872,17.7
001_1,35.83332,1010,10.629997,17.72
001_1,35.833214,1011,10.630126,17.74
001_1,35.833115,1012,10.63025,17.76
001_1,35.833065,1013,10.630311,17.77
001_1,35.833004,1014,10.630406,17.78
001_1,35.832962,1015,10.630486,17.79
001_1,35.83293,1016,10.630534,17.8
001_1,35.8329,1017,10.630596,17.81
001_1,35.832855,1018,10.630675,17.82
001_1,35.8328,1019,10.63076,17.83
001_1,35.83277,1020,10.630803,17.84
001_1,35.832714,1021,10.630866,17.85
001_1,35.83268,1022,10.630944,17.86
001_1,35.8326,1023,10.63105,17.87
001_1,35.8325,1024,10.631144,17.88
001_1,35.83238,1025,10.631228,17.9
001_1,35.832245,1026,10.631307,17.92
001_1,35.83218,1027,10.631344,17.93
001_1,35.83205,1028,10.6314125,17.95
001_1,35.831936,1029,10.631481,17.96
001_1,35.831882,1030,10.631509,17.97
001_1,35.831787,1031,10.631547,17.98
001_1,35.831738,1032,10.631565,17.99
001_1,35.831688,1033,10.631583,18
001_1,35.831642,1034,10.6316,18.01
001_1,35.831528,1035,10.631644,18.02
001_1,35.83146,1036,10.631673,18.03
001_1,35.83129,1037,10.631742,18.05
001_1,35.831085,1038,10.631837,18.07
001_1,35.830864,1039,10.631934,18.1
001_1,35.83065,1040,10.632041,18.13
001_1,35.83045,1041,10.63216,18.15
001_1,35.830276,1042,10.632289,18.17
001_1,35.830097,1043,10.632423,18.19
001_1,35.829906,1044,10.632561,18.21
001_1,35.82981,1045,10.6326275,18.22
001_1,35.829643,1046,10.632734,18.24
001_1,35.82948,1047,10.632822,18.26
001_1,35.829407,1048,10.632857,18.27
001_1,35.829346,1049,10.632883,18.28
001_1,35.829266,1050,10.632906,18.29
001_1,35.829193,1051,10.632909,18.3
001_1,35.829105,1052,10.632919,18.31
001_1,35.829006,1053,10.632958,18.32
001_1,35.828934,1054,10.632994,18.33
001_1,35.828884,1055,10.6330185,18.34
001_1,35.828766,1056,10.6330805,18.35
001_1,35.8287,1057,10.633114,18.36
001_1,35.828632,1058,10.633146,18.37
001_1,35.828564,1059,10.633181,18.38
001_1,35.828487,1060,10.633219,18.39
001_1,35.82842,1061,10.63326,18.4
001_1,35.82828,1062,10.633346,18.42
001_1,35.82821,1063,10.6333885,18.43
001_1,35.828068,1064,10.633477,18.45
001_1,35.827946,1065,10.633563,18.47
001_1,35.827896,1066,10.633596,18.48
001_1,35.827797,1067,10.633633,18.49
001_1,35.827744,1068,10.633645,18.5
001_1,35.82769,1069,10.63366,18.51
001_1,35.82764,1070,10.633679,18.52
001_1,35.82753,1071,10.633723,18.53
001_1,35.827473,1072,10.63375,18.54
001_1,35.82741,1073,10.633779,18.55
001_1,35.82731,1074,10.633831,18.56
001_1,35.82723,1075,10.633859,18.57
001_1,35.82712,1076,10.6339,18.58
001_1,35.82697,1077,10.633969,18.6
001_1,35.826786,1078,10.634051,18.62
001_1,35.8266,1079,10.63414,18.64
001_1,35.826416,1080,10.634214,18.66
001_1,35.826244,1081,10.634286,18.68
001_1,35.826122,1082,10.6343355,18.69
001_1,35.82605,1083,10.634364,18.7
001_1,35.826,1084,10.634382,18.71
001_1,35.82595,1085,10.63439,18.72
001_1,35.825867,1086,10.634395,18.73
001_1,35.8258,1087,10.634405,18.74
001_1,35.825684,1088,10.63444,18.75
001_1,35.825546,1089,10.634492,18.77
001_1,35.825478,1090,10.634521,18.78
001_1,35.825344,1091,10.634561,18.8
001_1,35.82521,1092,10.634589,18.82
001_1,35.825077,1093,10.634584,18.83
001_1,35.824993,1094,10.634591,18.84
001_1,35.824863,1095,10.634607,18.85
001_1,35.82478,1096,10.634614,18.86
001_1,35.824715,1097,10.634619,18.87
001_1,35.824642,1098,10.634645,18.88
001_1,35.82455,1099,10.634683,18.89
001_1,35.824482,1100,10.634704,18.9
001_1,35.82439,1101,10.634717,18.91
001_1,35.82433,1102,10.634714,18.92
001_1,35.82426,1103,10.634707,18.93
001_1,35.824184,1104,10.634697,18.94
001_1,35.82401,1105,10.634676,18.96
001_1,35.823902,1106,10.63467,18.97
001_1,35.823788,1107,10.634665,18.98
001_1,35.823544,1108,10.634652,19.01
001_1,35.82329,1109,10.634639,19.04
001_1,35.82304,1110,10.634625,19.07
001_1,35.822807,1111,10.634623,19.1
001_1,35.8226,1112,10.634629,19.12
001_1,35.82242,1113,10.634656,19.14
001_1,35.822334,1114,10.634671,19.15
001_1,35.822193,1115,10.634687,19.17
001_1,35.822063,1116,10.63466,19.18
001_1,35.821983,1117,10.634586,19.19
001_1,35.821934,1118,10.634532,19.2
001_1,35.821884,1119,10.63446,19.21
001_1,35.821808,1120,10.634375,19.22
001_1,35.82176,1121,10.634327,19.23
001_1,35.82165,1122,10.634223,19.25
001_1,35.82154,1123,10.6341,19.27
001_1,35.82148,1124,10.63403,19.28
001_1,35.821346,1125,10.633881,19.3
001_1,35.821274,1126,10.633797,19.31
001_1,35.821117,1127,10.633626,19.33
001_1,35.821033,1128,10.63354,19.34
001_1,35.82087,1129,10.633374,19.36
001_1,35.8207,1130,10.633221,19.38
001_1,35.820614,1131,10.633146,19.39
001_1,35.820183,1132,10.632793,19.45
001_1,35.81978,1133,10.632506,19.5
001_1,35.819717,1134,10.632541,19.51
001_1,35.81966,1135,10.632506,19.52
001_1,35.81962,1136,10.63248,19.53
001_1,35.81957,1137,10.632446,19.54
001_1,35.81947,1138,10.632375,19.55
001_1,35.819363,1139,10.632297,19.56
001_1,35.81931,1140,10.632258,19.57
001_1,35.819256,1141,10.632223,19.58
001_1,35.819153,1142,10.632171,19.59
001_1,35.819096,1143,10.632151,19.6
001_1,35.818974,1144,10.632098,19.61
001_1,35.81886,1145,10.632021,19.62
001_1,35.81877,1146,10.631935,19.63
001_1,35.81872,1147,10.631889,19.64
001_1,35.818672,1148,10.6318445,19.65
001_1,35.81855,1149,10.63175,19.67
001_1,35.81841,1150,10.631657,19.69
001_1,35.818245,1151,10.631572,19.71
001_1,35.818054,1152,10.63149,19.73
001_1,35.817852,1153,10.631398,19.75
001_1,35.817654,1154,10.631277,19.77
001_1,35.817455,1155,10.631163,19.79
001_1,35.81728,1156,10.631069,19.81
001_1,35.817196,1157,10.631025,19.82
001_1,35.817116,1158,10.630984,19.83
001_1,35.81696,1159,10.63092,19.85
001_1,35.8168,1160,10.630859,19.87
001_1,35.816624,1161,10.630808,19.89
001_1,35.816456,1162,10.630762,19.91
001_1,35.816288,1163,10.630718,19.93
001_1,35.816124,1164,10.630663,19.95
001_1,35.81596,1165,10.630602,19.97
001_1,35.8158,1166,10.630536,19.99
001_1,35.815643,1167,10.630457,20.01
001_1,35.815487,1168,10.630392,20.03
001_1,35.815327,1169,10.630327,20.05
001_1,35.815144,1170,10.630261,20.07
001_1,35.814938,1171,10.630182,20.09
001_1,35.814728,1172,10.630092,20.11
001_1,35.814613,1173,10.630042,20.12
001_1,35.814484,1174,10.629984,20.14
001_1,35.81437,1175,10.629919,20.15
001_1,35.814316,1176,10.629923,20.16
001_1,35.814243,1177,10.629879,20.17
001_1,35.81415,1178,10.629863,20.18
001_1,35.814056,1179,10.629859,20.19
001_1,35.81394,1180,10.629851,20.2
001_1,35.81383,1181,10.629801,20.21
001_1,35.81377,1182,10.629738,20.22
001_1,35.81373,1183,10.629766,20.23
001_1,35.81379,1184,10.629784,20.24
001_1,35.813744,1185,10.629769,20.25
001_1,35.81379,1186,10.629782,20.26
001_1,35.813835,1187,10.629784,20.27
____1,35.813835,1,10.629784,0
____1,35.81379,2,10.629782,0.01
____1,35.813744,3,10.629769,0.02
____1,35.81379,4,10.629784,0.03
____1,35.81373,5,10.629766,0.04
____1,35.81377,6,10.629738,0.05
____1,35.81383,7,10.629801,0.06
____1,35.81394,8,10.629851,0.07
____1,35.814056,9,10.629859,0.08
____1,35.81415,10,10.629863,0.09
____1,35.814243,11,10.629879,0.1
____1,35.814316,12,10.629923,0.11
____1,35.81437,13,10.629919,0.12
____1,35.814484,14,10.629984,0.13
____1,35.814613,15,10.630042,0.15
____1,35.814728,16,10.630092,0.16
____1,35.814938,17,10.630182,0.18
____1,35.815144,18,10.630261,0.2
____1,35.815327,19,10.630327,0.22
____1,35.815487,20,10.630392,0.24
____1,35.815643,21,10.630457,0.26
____1,35.8158,22,10.630536,0.28
____1,35.81596,23,10.630602,0.3
____1,35.816124,24,10.630663,0.32
____1,35.816288,25,10.630718,0.34
____1,35.816456,26,10.630762,0.36
____1,35.816624,27,10.630808,0.38
____1,35.8168,28,10.630859,0.4
____1,35.81696,29,10.63092,0.42
____1,35.817116,30,10.630984,0.44
____1,35.817196,31,10.631025,0.45
____1,35.81728,32,10.631069,0.46
____1,35.817455,33,10.631163,0.48
____1,35.817654,34,10.631277,0.5
____1,35.817852,35,10.631398,0.52
____1,35.818054,36,10.63149,0.54
____1,35.818245,37,10.631572,0.56
____1,35.81841,38,10.631657,0.58
____1,35.81855,39,10.63175,0.6
____1,35.818672,40,10.6318445,0.62
____1,35.81872,41,10.631889,0.63
____1,35.81877,42,10.631935,0.64
____1,35.81886,43,10.632021,0.65
____1,35.818974,44,10.632098,0.66
____1,35.819096,45,10.632151,0.67
____1,35.819153,46,10.632171,0.68
____1,35.819256,47,10.632223,0.69
____1,35.81931,48,10.632258,0.7
____1,35.819363,49,10.632297,0.71
____1,35.81947,50,10.632375,0.72
____1,35.81957,51,10.632446,0.73
____1,35.81962,52,10.63248,0.74
____1,35.81966,53,10.632506,0.75
____1,35.819717,54,10.632541,0.76
____1,35.81978,55,10.632506,0.77
____1,35.820065,56,10.636779,1.16
____1,35.82017,57,10.6369095,1.18
____1,35.820423,58,10.63736,1.23
____1,35.82053,59,10.637622,1.26
____1,35.820824,60,10.638234,1.32
____1,35.821125,61,10.6388235,1.38
____1,35.821346,62,10.639333,1.43
____1,35.821682,63,10.639801,1.49
____1,35.82185,64,10.639884,1.51
____1,35.822014,65,10.639937,1.53
____1,35.822247,66,10.640015,1.56
____1,35.822773,67,10.640216,1.62
____1,35.8231,68,10.640329,1.66
____1,35.82317,69,10.640374,1.67
____1,35.82331,70,10.640416,1.69
____1,35.823696,71,10.640479,1.73
____1,35.823814,72,10.640435,1.74
____1,35.824078,73,10.640386,1.77
____1,35.824318,74,10.640346,1.8
____1,35.824703,75,10.640317,1.84
____1,35.824936,76,10.640302,1.87
____1,35.82539,77,10.640279,1.92
____1,35.82582,78,10.64031,1.97
____1,35.82621,79,10.6404295,2.01
____1,35.826588,80,10.640615,2.06
____1,35.82678,81,10.640693,2.08
____1,35.826843,82,10.6407175,2.09
____1,35.826958,83,10.640775,2.1
____1,35.82706,84,10.640824,2.11
____1,35.827156,85,10.640876,2.12
____1,35.8272,86,10.640975,2.13
____1,35.827248,87,10.641003,2.14
____1,35.82734,88,10.641062,2.15
____1,35.827454,89,10.641118,2.16
____1,35.82757,90,10.641167,2.17
____1,35.827633,91,10.641186,2.18
____1,35.827755,92,10.64122,2.19
____1,35.827877,93,10.6412525,2.2
____1,35.827938,94,10.641269,2.21
____1,35.828053,95,10.641295,2.22
____1,35.828106,96,10.6413,2.23
____1,35.82815,97,10.641302,2.23
____1,35.828266,98,10.641268,2.24
____1,35.828327,99,10.641224,2.25
____1,35.828392,100,10.641159,2.26
____1,35.82846,101,10.641078,2.27
____1,35.828526,102,10.641001,2.28
____1,35.82856,103,10.640884,2.29
____1,35.828598,104,10.64082,2.3
____1,35.828632,105,10.640762,2.31
____1,35.82866,106,10.640703,2.32
____1,35.828682,107,10.640626,2.33
____1,35.82873,108,10.640507,2.34
____1,35.82876,109,10.640445,2.35
____1,35.82878,110,10.640383,2.36
____1,35.82882,111,10.640267,2.37
____1,35.828854,112,10.640177,2.38
____1,35.8289,113,10.640026,2.39
____1,35.82891,114,10.639927,2.4
____1,35.82892,115,10.639851,2.41
____1,35.828903,116,10.639753,2.42
____1,35.8289,117,10.639589,2.43
____1,35.8289,118,10.639497,2.44
____1,35.828903,119,10.639398,2.45
____1,35.828907,120,10.639295,2.46
____1,35.828915,121,10.639188,2.47
____1,35.828922,122,10.638971,2.49
____1,35.828922,123,10.638863,2.5
____1,35.82891,124,10.638656,2.52
____1,35.828907,125,10.638558,2.53
____1,35.82891,126,10.638473,2.54
____1,35.828907,127,10.638398,2.55
____1,35.828888,128,10.638269,2.56
____1,35.8289,129,10.638128,2.57
____1,35.828922,130,10.638035,2.58
____1,35.82893,131,10.637981,2.58
____1,35.82894,132,10.6379175,2.59
____1,35.82895,133,10.637836,2.6
____1,35.82897,134,10.637637,2.62
____1,35.82899,135,10.637417,2.64
____1,35.829,136,10.637307,2.65
____1,35.82901,137,10.637198,2.66
____1,35.829037,138,10.63699,2.68
____1,35.829086,139,10.636789,2.7
____1,35.829113,140,10.636687,2.71
____1,35.829163,141,10.636483,2.73
____1,35.829212,142,10.63628,2.75
____1,35.829227,143,10.636175,2.76
____1,35.82926,144,10.635974,2.78
____1,35.82927,145,10.635881,2.79
____1,35.829292,146,10.635703,2.81
____1,35.8293,147,10.635529,2.83
____1,35.8293,148,10.635438,2.84
____1,35.8293,149,10.635242,2.86
____1,35.82931,150,10.635033,2.88
____1,35.82933,151,10.634815,2.9
____1,35.829338,152,10.634703,2.91
____1,35.82934,153,10.634592,2.92
____1,35.829334,154,10.634394,2.94
____1,35.829338,155,10.634318,2.95
____1,35.829346,156,10.634263,2.96
____1,35.829376,157,10.634187,2.97
____1,35.82938,158,10.634126,2.98
____1,35.829388,159,10.634032,2.99
____1,35.82939,160,10.6338825,3
____1,35.829395,161,10.6338,3.01
____1,35.829403,162,10.633627,3.03
____1,35.829407,163,10.633538,3.04
____1,35.829403,164,10.63345,3.05
____1,35.829388,165,10.63328,3.07
____1,35.829365,166,10.633198,3.08
____1,35.829338,167,10.633121,3.09
____1,35.829277,168,10.632969,3.11
____1,35.829346,169,10.632911,3.12
____1,35.829613,170,10.632754,3.15
____1,35.82989,171,10.632669,3.18
____1,35.8305,172,10.632334,3.25
____1,35.83112,173,10.631922,3.33
____1,35.83162,174,10.631573,3.39
____1,35.831802,175,10.631448,3.41
____1,35.831898,176,10.631415,3.42
____1,35.832,177,10.631391,3.43
____1,35.83215,178,10.6313305,3.45
____1,35.832306,179,10.631252,3.47
____1,35.83251,180,10.631092,3.5
____1,35.832813,181,10.630734,3.55
____1,35.833004,182,10.6304865,3.58
____1,35.833393,183,10.629925,3.65
____1,35.833603,184,10.629629,3.69
____1,35.833847,185,10.629129,3.74
____1,35.833927,186,10.6289015,3.76
____1,35.83404,187,10.628548,3.79
____1,35.834072,188,10.628414,3.8
____1,35.834137,189,10.628264,3.82
____1,35.83423,190,10.628091,3.84
____1,35.834316,191,10.627905,3.86
____1,35.834457,192,10.627639,3.89
____1,35.834545,193,10.627567,3.9
____1,35.834587,194,10.627537,3.91
____1,35.834652,195,10.627483,3.92
____1,35.834736,196,10.627392,3.93
____1,35.834854,197,10.627281,3.95
____1,35.834995,198,10.627171,3.97
____1,35.83508,199,10.627116,3.98
____1,35.835163,200,10.627061,3.99
____1,35.83525,201,10.627006,4
____1,35.835434,202,10.626889,4.02
____1,35.835613,203,10.626769,4.04
____1,35.835697,204,10.626709,4.05
____1,35.835785,205,10.626649,4.06
____1,35.835957,206,10.626535,4.08
____1,35.83604,207,10.626484,4.09
____1,35.83621,208,10.626386,4.11
____1,35.836365,209,10.626296,4.13
____1,35.836433,210,10.626255,4.14
____1,35.836502,211,10.626217,4.15
____1,35.836624,212,10.62615,4.16
____1,35.83668,213,10.626125,4.17
____1,35.83676,214,10.626096,4.18
____1,35.836807,215,10.6261,4.19
____1,35.836826,216,10.626154,4.2
____1,35.836884,217,10.626105,4.21
____1,35.83693,218,10.6260605,4.22
____1,35.837032,219,10.625941,4.24
____1,35.837082,220,10.625875,4.25
____1,35.837135,221,10.625807,4.26
____1,35.83723,222,10.625653,4.28
____1,35.837322,223,10.625482,4.3
____1,35.83737,224,10.625389,4.31
____1,35.837467,225,10.625197,4.33
____1,35.837513,226,10.625094,4.34
____1,35.83756,227,10.6249895,4.35
____1,35.837605,228,10.624881,4.36
____1,35.83775,229,10.624609,4.39
____1,35.83805,230,10.6242,4.44
____1,35.838108,231,10.624173,4.45
____1,35.83805,232,10.624168,4.46
____1,35.838123,233,10.624127,4.47
____1,35.83826,234,10.624032,4.49
____1,35.83859,235,10.623729,4.54
____1,35.838806,236,10.623544,4.57
____1,35.839226,237,10.623091,4.63
____1,35.839436,238,10.622848,4.66
____1,35.839657,239,10.62255,4.7
____1,35.839703,240,10.622481,4.71
____1,35.839775,241,10.622372,4.72
____1,35.83982,242,10.622297,4.73
____1,35.839886,243,10.62222,4.74
____1,35.839966,244,10.622141,4.75
____1,35.840057,245,10.622061,4.76
____1,35.840115,246,10.622018,4.77
____1,35.84023,247,10.621909,4.79
____1,35.840336,248,10.621748,4.81
____1,35.84039,249,10.621649,4.82
____1,35.8405,250,10.6214285,4.84
____1,35.840622,251,10.621203,4.86
____1,35.84075,252,10.620975,4.89
____1,35.84082,253,10.620853,4.9
____1,35.840958,254,10.620613,4.93
____1,35.841095,255,10.62037,4.96
____1,35.84124,256,10.6201105,4.99
____1,35.8414,257,10.619857,5.02
____1,35.841583,258,10.619609,5.05
____1,35.84177,259,10.61936,5.08
____1,35.841854,260,10.619231,5.09
____1,35.842014,261,10.618983,5.12
____1,35.84216,262,10.618745,5.15
____1,35.842224,263,10.61863,5.16
____1,35.842342,264,10.618424,5.18
____1,35.8424,265,10.618331,5.19
____1,35.84249,266,10.618166,5.21
____1,35.842525,267,10.618091,5.22
____1,35.84258,268,10.617957,5.23
____1,35.84261,269,10.6178465,5.24
____1,35.84263,270,10.617756,5.25
____1,35.842636,271,10.617662,5.26
____1,35.84265,272,10.617576,5.27
____1,35.84268,273,10.617527,5.28
____1,35.84273,274,10.617533,5.29
____1,35.842762,275,10.617626,5.3
____1,35.842766,276,10.617717,5.31
____1,35.842785,277,10.617768,5.32
____1,35.842827,278,10.617824,5.33
____1,35.84286,279,10.6178665,5.34
____1,35.842945,280,10.61795,5.35
____1,35.843037,281,10.618029,5.36
____1,35.843082,282,10.618066,5.37
____1,35.843163,283,10.618128,5.38
____1,35.84325,284,10.618202,5.39
____1,35.843285,285,10.618242,5.4
____1,35.843384,286,10.618331,5.41
____1,35.843506,287,10.618438,5.43
____1,35.84357,288,10.618492,5.44
____1,35.84369,289,10.618598,5.46
____1,35.84375,290,10.618649,5.47
____1,35.84386,291,10.618737,5.48
____1,35.843956,292,10.618804,5.49
____1,35.844067,293,10.618877,5.5
____1,35.844124,294,10.618914,5.51
____1,35.844185,295,10.61892,5.52
____1,35.844234,296,10.618958,5.53
____1,35.844288,297,10.619007,5.54
____1,35.844357,298,10.619065,5.55
____1,35.84446,299,10.619122,5.56
____1,35.84452,300,10.619152,5.57
____1,35.844666,301,10.619217,5.59
____1,35.844738,302,10.619246,5.6
____1,35.84481,303,10.6192665,5.61
____1,35.84488,304,10.619278,5.62
____1,35.84494,305,10.619291,5.63
____1,35.84508,306,10.619302,5.65
____1,35.845245,307,10.619295,5.67
____1,35.845333,308,10.6192875,5.68
____1,35.845512,309,10.619264,5.7
____1,35.845695,310,10.619236,5.72
____1,35.84579,311,10.619221,5.73
____1,35.845978,312,10.619177,5.75
____1,35.846066,313,10.619145,5.76
____1,35.846153,314,10.619113,5.77
____1,35.84624,315,10.619075,5.78
____1,35.846405,316,10.618999,5.8
____1,35.84657,317,10.618919,5.82
____1,35.846752,318,10.618811,5.84
____1,35.846886,319,10.618721,5.86
____1,35.846947,320,10.618693,5.87
____1,35.847034,321,10.61864,5.88
____1,35.847145,322,10.618541,5.9
____1,35.84727,323,10.618438,5.92
____1,35.847336,324,10.618373,5.93
____1,35.847473,325,10.618247,5.95
____1,35.847553,326,10.618187,5.96
____1,35.847717,327,10.618064,5.98
____1,35.847805,328,10.618004,5.99
____1,35.84798,329,10.617879,6.01
____1,35.848156,330,10.617754,6.03
____1,35.848248,331,10.617688,6.04
____1,35.848335,332,10.617623,6.05
____1,35.848427,333,10.6175585,6.06
____1,35.84861,334,10.617431,6.08
____1,35.848785,335,10.617307,6.1
____1,35.848953,336,10.617192,6.12
____1,35.849033,337,10.617137,6.13
____1,35.849186,338,10.617035,6.15
____1,35.849316,339,10.616944,6.17
____1,35.849403,340,10.616882,6.18
____1,35.849503,341,10.616821,6.19
____1,35.84957,342,10.616772,6.2
____1,35.849678,343,10.61669,6.21
____1,35.849827,344,10.616601,6.23
____1,35.84991,345,10.616554,6.24
____1,35.850098,346,10.616469,6.26
____1,35.850285,347,10.6164,6.28
____1,35.850468,348,10.616353,6.3
____1,35.85065,349,10.616336,6.32
____1,35.850822,350,10.616323,6.34
____1,35.85098,351,10.616315,6.36
____1,35.85106,352,10.616305,6.37
____1,35.851208,353,10.616243,6.39
____1,35.851337,354,10.616139,6.41
____1,35.851463,355,10.616076,6.43
____1,35.851578,356,10.616082,6.44
____1,35.85167,357,10.616106,6.45
____1,35.851757,358,10.616117,6.46
____1,35.85182,359,10.616124,6.47
____1,35.851913,360,10.616134,6.48
____1,35.851974,361,10.616131,6.49
____1,35.852123,362,10.616126,6.51
____1,35.852283,363,10.616117,6.53
____1,35.852364,364,10.61611,6.54
____1,35.85244,365,10.616104,6.55
____1,35.852596,366,10.616097,6.57
____1,35.852665,367,10.616093,6.58
____1,35.85282,368,10.616072,6.6
____1,35.85287,369,10.616073,6.61
____1,35.85293,370,10.616086,6.62
____1,35.852978,371,10.616094,6.63
____1,35.853115,372,10.616095,6.65
____1,35.853252,373,10.616078,6.67
____1,35.853367,374,10.616059,6.68
____1,35.853466,375,10.616042,6.69
____1,35.85367,376,10.616009,6.71
____1,35.853867,377,10.615955,6.73
____1,35.85405,378,10.615913,6.75
____1,35.854202,379,10.615891,6.77
____1,35.854332,380,10.61587,6.78
____1,35.854393,381,10.615854,6.79
____1,35.854504,382,10.61582,6.8
____1,35.854618,383,10.615793,6.81
____1,35.854675,384,10.615787,6.82
____1,35.85474,385,10.615757,6.83
____1,35.85479,386,10.615746,6.84
____1,35.85488,387,10.615741,6.85
____1,35.85502,388,10.615744,6.87
____1,35.855194,389,10.615736,6.89
____1,35.85529,390,10.615727,6.9
____1,35.85548,391,10.615705,6.92
____1,35.855656,392,10.615658,6.94
____1,35.855824,393,10.615599,6.96
____1,35.855915,394,10.615577,6.97
____1,35.856068,395,10.61556,6.99
____1,35.85615,396,10.615549,7
____1,35.856228,397,10.615535,7.01
____1,35.856304,398,10.615509,7.02
____1,35.85647,399,10.615435,7.04
____1,35.856564,400,10.615397,7.05
____1,35.856754,401,10.615315,7.07
____1,35.85685,402,10.615273,7.08
____1,35.85703,403,10.615181,7.1
____1,35.857117,404,10.61514,7.11
____1,35.8572,405,10.615101,7.12
____1,35.85728,406,10.615061,7.13
____1,35.85743,407,10.614978,7.15
____1,35.8575,408,10.614937,7.16
____1,35.857563,409,10.6149,7.17
____1,35.85762,410,10.614864,7.18
____1,35.857716,411,10.614813,7.19
____1,35.85776,412,10.614778,7.2
____1,35.857838,413,10.614743,7.21
____1,35.85794,414,10.614689,7.22
____1,35.858013,415,10.614646,7.23
____1,35.858177,416,10.614529,7.25
____1,35.858353,417,10.614398,7.27
____1,35.858524,418,10.614264,7.29
____1,35.858692,419,10.614116,7.31
____1,35.85878,420,10.614037,7.32
____1,35.85895,421,10.613874,7.34
____1,35.85904,422,10.613787,7.35
____1,35.859215,423,10.613613,7.37
____1,35.859386,424,10.613448,7.39
____1,35.85955,425,10.613288,7.41
____1,35.859634,426,10.61321,7.42
____1,35.859715,427,10.613129,7.43
____1,35.859875,428,10.612962,7.45
____1,35.85995,429,10.612884,7.46
____1,35.86003,430,10.612809,7.47
____1,35.860107,431,10.61274,7.48
____1,35.86026,432,10.612608,7.5
____1,35.86034,433,10.612544,7.51
____1,35.860477,434,10.612419,7.53
____1,35.860596,435,10.61231,7.55
____1,35.860695,436,10.61221,7.56
____1,35.860756,437,10.612149,7.57
____1,35.860794,438,10.612105,7.58
____1,35.860886,439,10.611983,7.6
____1,35.860962,440,10.611899,7.61
____1,35.861126,441,10.611724,7.63
____1,35.861305,442,10.611539,7.66
____1,35.861393,443,10.611443,7.67
____1,35.861576,444,10.611245,7.7
____1,35.861763,445,10.611048,7.73
____1,35.861954,446,10.610851,7.76
____1,35.862137,447,10.610661,7.79
____1,35.86223,448,10.610566,7.8
____1,35.862312,449,10.610475,7.81
____1,35.862476,450,10.6103,7.83
____1,35.86264,451,10.610144,7.85
____1,35.862812,452,10.60999,7.87
____1,35.862988,453,10.609824,7.89
____1,35.86307,454,10.609742,7.9
____1,35.863243,455,10.609577,7.92
____1,35.86333,456,10.609497,7.93
____1,35.86349,457,10.609342,7.95
____1,35.863564,458,10.609267,7.96
____1,35.863705,459,10.609124,7.98
____1,35.863823,460,10.608998,8
____1,35.86388,461,10.608941,8.01
____1,35.86393,462,10.608891,8.02
____1,35.864006,463,10.608808,8.03
____1,35.864075,464,10.608733,8.04
____1,35.864113,465,10.608695,8.05
____1,35.864212,466,10.608595,8.06
____1,35.864273,467,10.608536,8.07
____1,35.86441,468,10.608417,8.09
____1,35.864475,469,10.60836,8.1
____1,35.864605,470,10.608256,8.12
____1,35.864723,471,10.608163,8.14
____1,35.86481,472,10.608073,8.15
____1,35.864853,473,10.607967,8.16
____1,35.864883,474,10.607847,8.17
____1,35.864918,475,10.607777,8.18
____1,35.864975,476,10.607735,8.19
____1,35.865025,477,10.607722,8.2
____1,35.865173,478,10.607692,8.22
____1,35.86523,479,10.607675,8.23
____1,35.86527,480,10.607642,8.24
____1,35.865364,481,10.607548,8.25
____1,35.86542,482,10.607489,8.26
____1,35.86554,483,10.607369,8.28
____1,35.8656,484,10.607308,8.29
____1,35.865665,485,10.607245,8.3
____1,35.86573,486,10.607182,8.31
____1,35.865807,487,10.60712,8.32
____1,35.86587,488,10.60705,8.33
____1,35.86601,489,10.606901,8.35
____1,35.866066,490,10.606817,8.36
____1,35.866177,491,10.606654,8.38
____1,35.866238,492,10.606579,8.39
____1,35.86629,493,10.606515,8.4
____1,35.866386,494,10.606405,8.41
____1,35.86643,495,10.606362,8.42
____1,35.866493,496,10.606299,8.43
____1,35.86649,497,10.6062355,8.44
____1,35.86655,498,10.60615,8.45
____1,35.866596,499,10.606094,8.46
____1,35.866714,500,10.605965,8.48
____1,35.866867,501,10.605804,8.5
____1,35.867027,502,10.605632,8.52
____1,35.867188,503,10.605485,8.54
____1,35.867268,504,10.605423,8.55
____1,35.86742,505,10.605299,8.57
____1,35.867485,506,10.605228,8.58
____1,35.867615,507,10.60509,8.6
____1,35.86773,508,10.604949,8.62
____1,35.86778,509,10.604884,8.63
____1,35.867867,510,10.604793,8.64
____1,35.867943,511,10.604746,8.65
____1,35.868,512,10.604714,8.66
____1,35.868073,513,10.604672,8.67
____1,35.868176,514,10.604592,8.68
____1,35.868294,515,10.604486,8.7
____1,35.868404,516,10.604378,8.72
____1,35.86846,517,10.604323,8.73
____1,35.86852,518,10.60427,8.74
____1,35.86854,519,10.604182,8.75
____1,35.86857,520,10.604124,8.76
____1,35.868645,521,10.604043,8.77
____1,35.868782,522,10.603955,8.79
____1,35.86886,523,10.603907,8.8
____1,35.868935,524,10.603846,8.81
____1,35.86901,525,10.603778,8.82
____1,35.869164,526,10.603634,8.84
____1,35.86924,527,10.603555,8.85
____1,35.869312,528,10.6034775,8.86
____1,35.86946,529,10.603341,8.88
____1,35.869534,530,10.60328,8.89
____1,35.869682,531,10.60317,8.91
____1,35.86983,532,10.603077,8.93
____1,35.869987,533,10.602988,8.95
____1,35.870075,534,10.60294,8.96
____1,35.870262,535,10.602839,8.98
____1,35.870365,536,10.602783,8.99
____1,35.870472,537,10.602725,9
____1,35.870697,538,10.602611,9.03
____1,35.870914,539,10.602498,9.06
____1,35.871025,540,10.602445,9.07
____1,35.871128,541,10.602393,9.08
____1,35.87133,542,10.602296,9.1
____1,35.87152,543,10.602204,9.12
____1,35.871616,544,10.602164,9.13
____1,35.871796,545,10.602085,9.15
____1,35.871975,546,10.602007,9.17
____1,35.872158,547,10.601929,9.19
____1,35.872353,548,10.601849,9.21
____1,35.87256,549,10.601765,9.23
____1,35.87267,550,10.601727,9.24
____1,35.87289,551,10.601649,9.27
____1,35.87311,552,10.60157,9.3
____1,35.873333,553,10.601491,9.33
____1,35.873547,554,10.601402,9.36
____1,35.873653,555,10.601348,9.37
____1,35.87376,556,10.601305,9.38
____1,35.873962,557,10.601238,9.4
____1,35.874126,558,10.601184,9.42
____1,35.87422,559,10.601154,9.43
____1,35.87439,560,10.601095,9.45
____1,35.874466,561,10.601062,9.46
____1,35.87453,562,10.601031,9.47
____1,35.874664,563,10.60098,9.49
____1,35.874752,564,10.600931,9.5
____1,35.87482,565,10.600909,9.51
____1,35.874866,566,10.600894,9.52
____1,35.87499,567,10.600853,9.53
____1,35.87515,568,10.600803,9.55
____1,35.87524,569,10.600777,9.56
____1,35.875443,570,10.600714,9.58
____1,35.87566,571,10.600639,9.61
____1,35.87577,572,10.600598,9.62
____1,35.87588,573,10.600554,9.63
____1,35.876106,574,10.600463,9.66
____1,35.87622,575,10.600418,9.67
____1,35.876335,576,10.600371,9.68
____1,35.876553,577,10.600282,9.71
____1,35.87677,578,10.600198,9.74
____1,35.876877,579,10.60016,9.75
____1,35.876984,580,10.600122,9.76
____1,35.87709,581,10.600085,9.77
____1,35.877293,582,10.600009,9.79
____1,35.877396,583,10.599973,9.8
____1,35.87759,584,10.599906,9.82
____1,35.87769,585,10.599873,9.83
____1,35.877792,586,10.59984,9.84
____1,35.878002,587,10.59978,9.86
____1,35.87811,588,10.599744,9.87
____1,35.878216,589,10.599701,9.88
____1,35.878323,590,10.599652,9.89
____1,35.87852,591,10.59954,9.91
____1,35.87862,592,10.599483,9.92
____1,35.878815,593,10.599366,9.94
____1,35.879013,594,10.599278,9.96
____1,35.879116,595,10.599259,9.97
____1,35.87922,596,10.599253,9.98
____1,35.87942,597,10.599248,10
____1,35.879612,598,10.59924,10.02
____1,35.879707,599,10.599225,10.03
____1,35.879894,600,10.599174,10.05
____1,35.879993,601,10.599143,10.06
____1,35.880093,602,10.5991125,10.07
____1,35.880196,603,10.599083,10.08
____1,35.8803,604,10.599054,10.09
____1,35.88051,605,10.599007,10.11
____1,35.88061,606,10.598987,10.12
____1,35.88071,607,10.598967,10.13
____1,35.88081,608,10.598948,10.14
____1,35.880997,609,10.598913,10.16
____1,35.88109,610,10.598898,10.17
____1,35.881176,611,10.598884,10.18
____1,35.881344,612,10.598854,10.2
____1,35.88142,613,10.598839,10.21
____1,35.881493,614,10.598824,10.22
____1,35.881554,615,10.598808,10.23
____1,35.88165,616,10.59882,10.24
____1,35.881695,617,10.598815,10.25
____1,35.881794,618,10.598806,10.26
____1,35.881855,619,10.598801,10.27
____1,35.881927,620,10.598793,10.28
____1,35.88209,621,10.598763,10.3
____1,35.882183,622,10.598743,10.31
____1,35.88238,623,10.598704,10.33
____1,35.88249,624,10.59868,10.34
____1,35.882713,625,10.598632,10.37
____1,35.882824,626,10.598606,10.38
____1,35.882942,627,10.598578,10.39
____1,35.88306,628,10.598555,10.4
____1,35.883293,629,10.598505,10.43
____1,35.88341,630,10.598477,10.44
____1,35.88364,631,10.598414,10.47
____1,35.88387,632,10.598334,10.5
____1,35.884087,633,10.598242,10.53
____1,35.884193,634,10.598195,10.54
____1,35.884296,635,10.598145,10.55
____1,35.884502,636,10.598042,10.57
____1,35.884712,637,10.597934,10.6
____1,35.88482,638,10.597876,10.61
____1,35.88503,639,10.597767,10.64
____1,35.885136,640,10.5977125,10.65
____1,35.88524,641,10.597658,10.66
____1,35.885437,642,10.597546,10.68
____1,35.885635,643,10.59744,10.7
____1,35.885735,644,10.597391,10.71
____1,35.88592,645,10.5973,10.73
____1,35.886013,646,10.597257,10.74
____1,35.8861,647,10.597216,10.75
____1,35.88619,648,10.597172,10.76
____1,35.88627,649,10.597129,10.77
____1,35.88643,650,10.597044,10.79
____1,35.88658,651,10.596965,10.81
____1,35.886654,652,10.596917,10.82
____1,35.886784,653,10.596829,10.84
____1,35.886906,654,10.596761,10.85
____1,35.886967,655,10.596721,10.86
____1,35.88707,656,10.596661,10.87
____1,35.887177,657,10.5966015,10.88
____1,35.88722,658,10.596575,10.89
____1,35.88726,659,10.596557,10.89
____1,35.887386,660,10.596509,10.9
____1,35.887554,661,10.596431,10.92
____1,35.887756,662,10.596324,10.94
____1,35.887863,663,10.596265,10.95
____1,35.88807,664,10.596146,10.98
____1,35.88827,665,10.59603,11
____1,35.88837,666,10.595974,11.01
____1,35.88857,667,10.595863,11.03
____1,35.88867,668,10.595807,11.04
____1,35.88887,669,10.595701,11.06
____1,35.88907,670,10.595597,11.08
____1,35.889168,671,10.595545,11.09
____1,35.88936,672,10.595448,11.11
____1,35.889545,673,10.595366,11.13
____1,35.889633,674,10.595329,11.14
____1,35.88979,675,10.595231,11.16
____1,35.889915,676,10.595106,11.18
____1,35.889977,677,10.595045,11.19
____1,35.890095,678,10.594929,11.21
____1,35.890156,679,10.594875,11.22
____1,35.890224,680,10.594835,11.23
____1,35.89036,681,10.594782,11.25
____1,35.89043,682,10.594759,11.26
____1,35.8905,683,10.594736,11.27
____1,35.890636,684,10.5946865,11.29
____1,35.890705,685,10.594657,11.3
____1,35.890774,686,10.594624,11.31
____1,35.890907,687,10.59455,11.33
____1,35.89097,688,10.594506,11.34
____1,35.891026,689,10.594462,11.35
____1,35.891113,690,10.594391,11.36
____1,35.89119,691,10.594313,11.37
____1,35.891243,692,10.594297,11.38
____1,35.891315,693,10.594249,11.39
____1,35.891373,694,10.5942,11.4
____1,35.891518,695,10.594077,11.42
____1,35.89167,696,10.593937,11.44
____1,35.891827,697,10.593791,11.46
____1,35.891987,698,10.593634,11.48
____1,35.892155,699,10.593472,11.5
____1,35.89224,700,10.5933895,11.51
____1,35.89241,701,10.593217,11.53
____1,35.892586,702,10.59303,11.56
____1,35.892757,703,10.592833,11.59
____1,35.892925,704,10.592632,11.62
____1,35.89301,705,10.592532,11.63
____1,35.893093,706,10.592432,11.64
____1,35.893257,707,10.592237,11.67
____1,35.893337,708,10.592138,11.68
____1,35.89349,709,10.591948,11.7
____1,35.893658,710,10.591765,11.72
____1,35.89374,711,10.59168,11.73
____1,35.89392,712,10.591517,11.75
____1,35.894012,713,10.591438,11.76
____1,35.894108,714,10.59136,11.77
____1,35.894295,715,10.591208,11.79
____1,35.89448,716,10.591054,11.81
____1,35.894657,717,10.590903,11.83
____1,35.894745,718,10.590831,11.84
____1,35.894924,719,10.590689,11.86
____1,35.8951,720,10.590544,11.88
____1,35.895187,721,10.590471,11.89
____1,35.89527,722,10.590397,11.9
____1,35.895435,723,10.590247,11.92
____1,35.89559,724,10.590095,11.94
____1,35.89575,725,10.589937,11.96
____1,35.89589,726,10.589782,11.98
____1,35.895954,727,10.589705,11.99
____1,35.896015,728,10.589629,12
____1,35.89612,729,10.589489,12.02
____1,35.896206,730,10.589374,12.03
____1,35.896275,731,10.589303,12.04
____1,35.8963,732,10.589215,12.05
____1,35.896362,733,10.589145,12.06
____1,35.896458,734,10.58903,12.07
____1,35.896515,735,10.5889635,12.08
____1,35.896652,736,10.588824,12.1
____1,35.896782,737,10.588665,12.12
____1,35.896835,738,10.588574,12.13
____1,35.89688,739,10.588478,12.14
____1,35.896923,740,10.588381,12.15
____1,35.89702,741,10.588218,12.17
____1,35.897083,742,10.588158,12.18
____1,35.897224,743,10.588073,12.2
____1,35.897354,744,10.587996,12.22
____1,35.89742,745,10.587951,12.23
____1,35.897484,746,10.587896,12.24
____1,35.897552,747,10.5878315,12.25
____1,35.897705,748,10.5876875,12.27
____1,35.897877,749,10.587532,12.29
____1,35.898052,750,10.587368,12.31
____1,35.898144,751,10.587284,12.32
____1,35.898327,752,10.587118,12.35
____1,35.898518,753,10.586952,12.38
____1,35.8987,754,10.586789,12.41
____1,35.898888,755,10.586629,12.44
____1,35.899075,756,10.586472,12.47
____1,35.89926,757,10.586302,12.5
____1,35.899445,758,10.5861225,12.53
____1,35.899616,759,10.585938,12.56
____1,35.89978,760,10.585755,12.58
____1,35.899944,761,10.585583,12.6
____1,35.90012,762,10.58542,12.62
____1,35.900288,763,10.585264,12.64
____1,35.900444,764,10.585123,12.66
____1,35.900585,765,10.584993,12.68
____1,35.90072,766,10.584879,12.7
____1,35.900845,767,10.584774,12.72
____1,35.900963,768,10.58467,12.74
____1,35.901073,769,10.584564,12.76
____1,35.90115,770,10.584497,12.77
____1,35.901215,771,10.584437,12.78
____1,35.90126,772,10.58441,12.79
____1,35.901352,773,10.584361,12.8
____1,35.901466,774,10.584292,12.81
____1,35.90157,775,10.584181,12.83
____1,35.90163,776,10.584059,12.84
____1,35.901653,777,10.583996,12.85
____1,35.90169,778,10.583898,12.86
____1,35.901756,779,10.583848,12.87
____1,35.901825,780,10.583843,12.88
____1,35.901917,781,10.583822,12.89
____1,35.902023,782,10.583756,12.9
____1,35.902084,783,10.583709,12.91
____1,35.90222,784,10.583597,12.93
____1,35.902298,785,10.583537,12.94
____1,35.90245,786,10.58342,12.96
____1,35.902588,787,10.583307,12.98
____1,35.902718,788,10.583196,13
____1,35.902843,789,10.583102,13.02
____1,35.9029,790,10.58306,13.03
____1,35.902958,791,10.583018,13.04
____1,35.903004,792,10.582976,13.05
____1,35.903046,793,10.582938,13.06
____1,35.903122,794,10.582878,13.07
____1,35.90318,795,10.582818,13.08
____1,35.90325,796,10.582757,13.09
____1,35.903297,797,10.582689,13.1
____1,35.903355,798,10.582639,13.11
____1,35.903435,799,10.5825615,13.12
____1,35.903496,800,10.582504,13.13
____1,35.90364,801,10.58236,13.15
____1,35.903812,802,10.582184,13.17
____1,35.903996,803,10.581993,13.2
____1,35.90418,804,10.581794,13.23
____1,35.90436,805,10.581598,13.26
____1,35.90454,806,10.581409,13.29
____1,35.90472,807,10.581245,13.31
____1,35.90491,808,10.58112,13.33
____1,35.905113,809,10.581024,13.35
____1,35.90531,810,10.580931,13.37
____1,35.90551,811,10.580848,13.39
____1,35.905704,812,10.580771,13.41
____1,35.905804,813,10.580735,13.42
____1,35.905903,814,10.580698,13.43
____1,35.905994,815,10.580661,13.44
____1,35.906174,816,10.580581,13.46
____1,35.90626,817,10.580534,13.47
____1,35.90642,818,10.580427,13.49
____1,35.906498,819,10.580376,13.5
____1,35.906654,820,10.580289,13.52
____1,35.906734,821,10.580251,13.53
____1,35.9069,822,10.580173,13.55
____1,35.906982,823,10.580126,13.56
____1,35.907063,824,10.580072,13.57
____1,35.907146,825,10.580013,13.58
____1,35.907314,826,10.57989,13.6
____1,35.90749,827,10.579763,13.62
____1,35.907574,828,10.579704,13.63
____1,35.90774,829,10.579593,13.65
____1,35.90789,830,10.579481,13.67
____1,35.908028,831,10.579381,13.69
____1,35.908092,832,10.579336,13.7
____1,35.90821,833,10.579264,13.71
____1,35.90827,834,10.5792055,13.72
____1,35.908337,835,10.579152,13.73
____1,35.90844,836,10.57909,13.74
____1,35.908577,837,10.579002,13.76
____1,35.90874,838,10.578887,13.78
____1,35.908833,839,10.578823,13.79
____1,35.908928,840,10.578758,13.8
____1,35.909126,841,10.578623,13.83
____1,35.90933,842,10.578475,13.86
____1,35.909542,843,10.578321,13.89
____1,35.909748,844,10.578174,13.92
____1,35.909958,845,10.57803,13.95
____1,35.91016,846,10.577876,13.98
____1,35.91036,847,10.577716,14.01
____1,35.910557,848,10.577548,14.04
____1,35.91075,849,10.577395,14.07
____1,35.910847,850,10.577323,14.08
____1,35.911037,851,10.5771675,14.11
____1,35.911133,852,10.577092,14.12
____1,35.91123,853,10.577016,14.13
____1,35.911415,854,10.57687,14.15
____1,35.9116,855,10.576735,14.17
____1,35.911774,856,10.576603,14.19
____1,35.911938,857,10.576485,14.21
____1,35.91209,858,10.576374,14.23
____1,35.91222,859,10.576265,14.25
____1,35.91232,860,10.57615,14.27
____1,35.912395,861,10.576044,14.28
____1,35.912437,862,10.576008,14.29
____1,35.912525,863,10.57596,14.3
____1,35.912598,864,10.575917,14.31
____1,35.912655,865,10.575867,14.32
____1,35.912704,866,10.575826,14.33
____1,35.912754,867,10.575826,14.34
____1,35.91283,868,10.575773,14.35
____1,35.912876,869,10.575742,14.36
____1,35.91293,870,10.575702,14.37
____1,35.912987,871,10.575655,14.38
____1,35.91312,872,10.575544,14.4
____1,35.913193,873,10.575487,14.41
____1,35.913338,874,10.575367,14.43
____1,35.913414,875,10.575304,14.44
____1,35.913494,876,10.575244,14.45
____1,35.913574,877,10.575185,14.46
____1,35.91373,878,10.57506,14.48
____1,35.913815,879,10.574998,14.49
____1,35.91397,880,10.574877,14.51
____1,35.914127,881,10.574752,14.53
____1,35.91428,882,10.574623,14.55
____1,35.91435,883,10.574566,14.56
____1,35.914486,884,10.574458,14.58
____1,35.914555,885,10.574404,14.59
____1,35.914684,886,10.574297,14.61
____1,35.914753,887,10.57424,14.62
____1,35.91483,888,10.574178,14.63
____1,35.914913,889,10.574123,14.64
____1,35.91508,890,10.574008,14.66
____1,35.915257,891,10.573879,14.68
____1,35.915348,892,10.5738125,14.69
____1,35.91553,893,10.573679,14.71
____1,35.91571,894,10.5735445,14.73
____1,35.91579,895,10.573481,14.74
____1,35.91593,896,10.573365,14.76
____1,35.91606,897,10.573268,14.78
____1,35.916122,898,10.573224,14.79
____1,35.91619,899,10.573173,14.8
____1,35.916264,900,10.57312,14.81
____1,35.916386,901,10.573022,14.83
____1,35.916447,902,10.573005,14.84
____1,35.916553,903,10.572938,14.85
____1,35.916622,904,10.572895,14.86
____1,35.91677,905,10.572799,14.88
____1,35.916847,906,10.572748,14.89
____1,35.917015,907,10.572626,14.91
____1,35.917187,908,10.572502,14.93
____1,35.91728,909,10.572443,14.94
____1,35.91737,910,10.572384,14.95
____1,35.91755,911,10.572266,14.97
____1,35.917725,912,10.57215,14.99
____1,35.91781,913,10.572095,15
____1,35.91789,914,10.572041,15.01
____1,35.91805,915,10.571929,15.03
____1,35.91821,916,10.571809,15.05
____1,35.918285,917,10.571751,15.06
____1,35.918423,918,10.571652,15.08
____1,35.918488,919,10.57161,15.09
____1,35.918552,920,10.571572,15.1
____1,35.918674,921,10.5715,15.12
____1,35.918777,922,10.571436,15.13
____1,35.918846,923,10.571391,15.14
____1,35.9189,924,10.571357,15.15
____1,35.91894,925,10.571331,15.16
____1,35.919075,926,10.571249,15.18
____1,35.919254,927,10.571134,15.2
____1,35.91944,928,10.571006,15.22
____1,35.919537,929,10.570939,15.23
____1,35.919724,930,10.57081,15.25
____1,35.91982,931,10.5707445,15.26
____1,35.920006,932,10.570616,15.28
____1,35.920185,933,10.570502,15.3
____1,35.92036,934,10.570391,15.32
____1,35.92054,935,10.570272,15.34
____1,35.92063,936,10.570212,15.35
____1,35.92081,937,10.570096,15.37
____1,35.920895,938,10.570039,15.38
____1,35.921062,939,10.569921,15.4
____1,35.921154,940,10.569858,15.41
____1,35.921326,941,10.569711,15.43
____1,35.9214,942,10.56966,15.44
____1,35.921505,943,10.569584,15.45
____1,35.921646,944,10.569487,15.47
____1,35.921818,945,10.56938,15.49
____1,35.922,946,10.56927,15.51
____1,35.922184,947,10.569156,15.53
____1,35.922367,948,10.569046,15.55
____1,35.922543,949,10.568939,15.57
____1,35.922623,950,10.568887,15.58
____1,35.9227,951,10.568838,15.59
____1,35.922836,952,10.56875,15.61
____1,35.922966,953,10.568679,15.63
____1,35.923073,954,10.56863,15.64
____1,35.923134,955,10.568604,15.65
____1,35.923195,956,10.568579,15.66
____1,35.923283,957,10.568546,15.67
____1,35.923332,958,10.568522,15.68
____1,35.923454,959,10.568432,15.7
____1,35.923523,960,10.568384,15.71
____1,35.923595,961,10.568331,15.72
____1,35.923744,962,10.568228,15.74
____1,35.92382,963,10.56818,15.75
____1,35.92398,964,10.568086,15.77
____1,35.924152,965,10.567978,15.79
____1,35.924244,966,10.567921,15.8
____1,35.924416,967,10.567826,15.82
____1,35.924587,968,10.567715,15.84
____1,35.92473,969,10.567602,15.86
____1,35.92485,970,10.567504,15.88
____1,35.92496,971,10.567426,15.89
____1,35.925014,972,10.567407,15.9
____1,35.92515,973,10.567387,15.92
____1,35.925278,974,10.567329,15.94
____1,35.92536,975,10.567286,15.95
____1,35.92552,976,10.567197,15.97
____1,35.925602,977,10.567145,15.98
____1,35.925762,978,10.567039,16
____1,35.92584,979,10.56698,16.01
____1,35.926,980,10.566851,16.03
____1,35.92608,981,10.566777,16.04
____1,35.92616,982,10.566701,16.05
____1,35.92624,983,10.566622,16.06
____1,35.926407,984,10.566472,16.08
____1,35.926495,985,10.566396,16.09
____1,35.926582,986,10.566318,16.1
____1,35.926666,987,10.566243,16.11
____1,35.926743,988,10.566172,16.12
____1,35.926884,989,10.56604,16.14
____1,35.92695,990,10.565978,16.15
____1,35.927013,991,10.565922,16.16
____1,35.927074,992,10.565872,16.17
____1,35.927162,993,10.565804,16.18
____1,35.92723,994,10.565748,16.19
____1,35.927315,995,10.565679,16.2
____1,35.927425,996,10.565578,16.22
____1,35.92749,997,10.565519,16.23
____1,35.927643,998,10.565382,16.25
____1,35.927727,999,10.565301,16.26
____1,35.927814,1000,10.565215,16.27
____1,35.927986,1001,10.565046,16.29
____1,35.92807,1002,10.564962,16.3
____1,35.928234,1003,10.564805,16.32
____1,35.928394,1004,10.564662,16.34
____1,35.928543,1005,10.564521,16.36
____1,35.928608,1006,10.564457,16.37
____1,35.928864,1007,10.56421,16.41
____1,35.928917,1008,10.564145,16.42
____1,35.92895,1009,10.564106,16.43
____1,35.92905,1010,10.563994,16.45
____1,35.929108,1011,10.563931,16.46
____1,35.92925,1012,10.563796,16.48
____1,35.929325,1013,10.563714,16.49
____1,35.929493,1014,10.563535,16.51
____1,35.929577,1015,10.563437,16.52
____1,35.929745,1016,10.563243,16.55
____1,35.9299,1017,10.563063,16.57
____1,35.929977,1018,10.562979,16.58
____1,35.930122,1019,10.562818,16.6
____1,35.930195,1020,10.562737,16.61
____1,35.930264,1021,10.56266,16.62
____1,35.93041,1022,10.562507,16.64
____1,35.93048,1023,10.562425,16.65
____1,35.93055,1024,10.562342,16.66
____1,35.930687,1025,10.562193,16.68
____1,35.93075,1026,10.562125,16.69
____1,35.93082,1027,10.562062,16.7
____1,35.93095,1028,10.561937,16.72
____1,35.931004,1029,10.561882,16.73
____1,35.931107,1030,10.561792,16.74
____1,35.93114,1031,10.561726,16.75
____1,35.93119,1032,10.561672,16.76
____1,35.931236,1033,10.561631,16.77
____1,35.93136,1034,10.5615225,16.79
____1,35.931507,1035,10.561384,16.81
____1,35.93159,1036,10.561309,16.82
____1,35.93168,1037,10.561233,16.83
____1,35.93186,1038,10.561095,16.85
____1,35.93205,1039,10.560957,16.87
____1,35.932236,1040,10.560804,16.89
____1,35.93232,1041,10.560731,16.9
____1,35.9324,1042,10.56066,16.91
____1,35.93248,1043,10.560592,16.92
____1,35.93264,1044,10.5604515,16.94
____1,35.93272,1045,10.560383,16.95
____1,35.932873,1046,10.56026,16.97
____1,35.933002,1047,10.56017,16.99
____1,35.9331,1048,10.560104,17
____1,35.933155,1049,10.56007,17.01
____1,35.93321,1050,10.56003,17.02
____1,35.933323,1051,10.559931,17.04
____1,35.933388,1052,10.559871,17.05
____1,35.93352,1053,10.559748,17.07
____1,35.93366,1054,10.559616,17.09
____1,35.933723,1055,10.5595455,17.1
____1,35.933853,1056,10.559403,17.12
____1,35.933914,1057,10.559331,17.13
____1,35.93402,1058,10.559197,17.15
____1,35.934143,1059,10.559056,17.17
____1,35.93419,1060,10.559007,17.18
____1,35.934242,1061,10.558951,17.19
____1,35.934273,1062,10.558903,17.2
____1,35.93433,1063,10.558832,17.21
____1,35.934395,1064,10.558751,17.22
____1,35.93448,1065,10.558649,17.23
____1,35.934555,1066,10.558555,17.24
____1,35.93467,1067,10.55843,17.26
____1,35.934734,1068,10.558361,17.27
____1,35.934868,1069,10.558215,17.29
____1,35.935013,1070,10.558062,17.31
____1,35.935165,1071,10.5578985,17.33
____1,35.935238,1072,10.557816,17.34
____1,35.93531,1073,10.557735,17.35
____1,35.935455,1074,10.557575,17.37
____1,35.935524,1075,10.557493,17.38
____1,35.935593,1076,10.557408,17.39
____1,35.935726,1077,10.557245,17.41
____1,35.93585,1078,10.557099,17.43
____1,35.935905,1079,10.557032,17.44
____1,35.936005,1080,10.556912,17.46
____1,35.936073,1081,10.556833,17.47
____1,35.936127,1082,10.556779,17.48
____1,35.93618,1083,10.55675,17.49
____1,35.936264,1084,10.556681,17.5
____1,35.936382,1085,10.556568,17.52
____1,35.93651,1086,10.556445,17.54
____1,35.936626,1087,10.556317,17.56
____1,35.93675,1088,10.556197,17.58
____1,35.93688,1089,10.556085,17.6
____1,35.937,1090,10.555977,17.62
____1,35.937103,1091,10.555875,17.63
____1,35.937187,1092,10.555773,17.64
____1,35.937286,1093,10.555631,17.66
____1,35.93731,1094,10.555578,17.67
____1,35.937355,1095,10.555515,17.68
____1,35.9374,1096,10.555466,17.69
____1,35.937477,1097,10.555377,17.7
____1,35.937523,1098,10.555321,17.71
____1,35.9376,1099,10.555191,17.72
____1,35.937645,1100,10.555046,17.73
____1,35.937675,1101,10.5549135,17.74
____1,35.93772,1102,10.554847,17.75
____1,35.937786,1103,10.554838,17.76
____1,35.93787,1104,10.554841,17.77
____1,35.937923,1105,10.554833,17.78
____1,35.93799,1106,10.554813,17.79
____1,35.938126,1107,10.55474,17.81
____1,35.938267,1108,10.554652,17.83
____1,35.938408,1109,10.554553,17.85
____1,35.93855,1110,10.554449,17.87
____1,35.93869,1111,10.554333,17.89
____1,35.938828,1112,10.554206,17.91
____1,35.93915,1113,10.553892,17.96
____1,35.93939,1114,10.553679,17.99
____1,35.939476,1115,10.553603,18
____1,35.939564,1116,10.55353,18.01
____1,35.939728,1117,10.553384,18.03
____1,35.93987,1118,10.553256,18.05
____1,35.940006,1119,10.553142,18.07
____1,35.94013,1120,10.55304,18.09
____1,35.94023,1121,10.552954,18.1
____1,35.940304,1122,10.55291,18.11
____1,35.94036,1123,10.55287,18.12
____1,35.94043,1124,10.552818,18.13
____1,35.940548,1125,10.552743,18.14
____1,35.940693,1126,10.552642,18.16
____1,35.94077,1127,10.55259,18.17
____1,35.94092,1128,10.55247,18.19
____1,35.941063,1129,10.552341,18.21
____1,35.94121,1130,10.552222,18.23
____1,35.941357,1131,10.552098,18.25
____1,35.941517,1132,10.551964,18.27
____1,35.9416,1133,10.551894,18.28
____1,35.94168,1134,10.551825,18.29
____1,35.941765,1135,10.551751,18.3
____1,35.941944,1136,10.551601,18.32
____1,35.942036,1137,10.551526,18.33
____1,35.942127,1138,10.55145,18.34
____1,35.942223,1139,10.551372,18.35
____1,35.942406,1140,10.551221,18.37
____1,35.942493,1141,10.551148,18.38
____1,35.94268,1142,10.551003,18.4
____1,35.942776,1143,10.55093,18.41
____1,35.942974,1144,10.550794,18.44
____1,35.94308,1145,10.550728,18.45
____1,35.943184,1146,10.550662,18.46
____1,35.943287,1147,10.550597,18.47
____1,35.94349,1148,10.550474,18.5
____1,35.943695,1149,10.550345,18.53
____1,35.943794,1150,10.550282,18.54
____1,35.943996,1151,10.550156,18.57
____1,35.944202,1152,10.550027,18.6
____1,35.944416,1153,10.54989,18.63
____1,35.944633,1154,10.549742,18.66
____1,35.94474,1155,10.5496645,18.67
____1,35.94495,1156,10.549512,18.7
____1,35.945156,1157,10.549359,18.73
____1,35.945263,1158,10.549282,18.74
____1,35.94546,1159,10.549131,18.77
____1,35.945564,1160,10.549058,18.78
____1,35.945755,1161,10.548917,18.8
____1,35.945854,1162,10.548846,18.81
____1,35.945946,1163,10.548777,18.82
____1,35.946125,1164,10.548641,18.84
____1,35.946304,1165,10.548509,18.86
____1,35.946392,1166,10.548445,18.87
____1,35.94648,1167,10.54838,18.88
____1,35.94656,1168,10.548316,18.89
____1,35.946705,1169,10.548196,18.91
____1,35.946777,1170,10.548137,18.92
____1,35.94685,1171,10.548078,18.93
____1,35.94697,1172,10.54797,18.95
____1,35.947018,1173,10.547929,18.96
____1,35.947086,1174,10.547878,18.97
____1,35.94714,1175,10.547824,18.98
____1,35.94718,1176,10.547783,18.99
____1,35.947258,1177,10.547721,19
____1,35.947372,1178,10.547634,19.01
____1,35.94751,1179,10.547522,19.03
____1,35.94767,1180,10.547387,19.05
____1,35.947838,1181,10.547253,19.07
____1,35.947998,1182,10.547131,19.09
____1,35.948147,1183,10.547011,19.11
____1,35.948223,1184,10.546948,19.12
____1,35.94829,1185,10.546887,19.13
____1,35.948418,1186,10.546775,19.15
____1,35.948532,1187,10.546683,19.17
____1,35.948586,1188,10.546648,19.18
____1,35.948627,1189,10.5466175,19.19
____1,35.94869,1190,10.546574,19.2
____1,35.94876,1191,10.546514,19.21
____1,35.94881,1192,10.546471,19.22
____1,35.948944,1193,10.546366,19.24
____1,35.949097,1194,10.546244,19.26
____1,35.94918,1195,10.546177,19.27
____1,35.94935,1196,10.546043,19.29
____1,35.94952,1197,10.545887,19.31
____1,35.9496,1198,10.545808,19.32
____1,35.94968,1199,10.545734,19.33
____1,35.94976,1200,10.545663,19.34
____1,35.94984,1201,10.545594,19.35
____1,35.949993,1202,10.545464,19.37
____1,35.950066,1203,10.5454035,19.38
____1,35.950146,1204,10.545341,19.39
____1,35.950226,1205,10.545277,19.4
____1,35.950344,1206,10.545185,19.42
____1,35.95041,1207,10.545146,19.43
____1,35.95045,1208,10.545116,19.44
____1,35.950493,1209,10.545084,19.45
____1,35.950546,1210,10.545044,19.46
____1,35.950676,1211,10.544951,19.48
____1,35.95083,1212,10.544824,19.5
____1,35.951008,1213,10.544676,19.52
____1,35.95119,1214,10.544532,19.54
____1,35.951385,1215,10.544392,19.57
____1,35.95158,1216,10.544268,19.59
____1,35.95178,1217,10.544143,19.61
____1,35.95198,1218,10.54401,19.64
____1,35.952183,1219,10.54388,19.67
____1,35.952393,1220,10.543746,19.7
____1,35.952595,1221,10.543621,19.73
____1,35.952698,1222,10.54356,19.74
____1,35.9529,1223,10.543442,19.76
____1,35.9531,1224,10.543333,19.78
____1,35.95329,1225,10.543222,19.8
____1,35.953487,1226,10.54311,19.82
____1,35.95368,1227,10.542991,19.84
____1,35.95377,1228,10.5429325,19.85
____1,35.953865,1229,10.542873,19.86
____1,35.953957,1230,10.542814,19.87
____1,35.954144,1231,10.54269,19.89
____1,35.95433,1232,10.542569,19.91
____1,35.954426,1233,10.54251,19.92
____1,35.95462,1234,10.542396,19.94
____1,35.954815,1235,10.542278,19.96
____1,35.955,1236,10.542147,19.98
____1,35.955196,1237,10.54202,20
____1,35.955395,1238,10.541902,20.02
____1,35.955597,1239,10.541789,20.04
____1,35.955788,1240,10.541678,20.06
____1,35.95598,1241,10.541562,20.08
____1,35.95616,1242,10.541455,20.1
____1,35.95625,1243,10.541403,20.11
____1,35.956345,1244,10.541349,20.12
____1,35.956432,1245,10.541295,20.13
____1,35.95652,1246,10.541239,20.14
____1,35.956726,1247,10.541106,20.17
____1,35.95677,1248,10.541087,20.18
____1,35.956818,1249,10.541067,20.19
____1,35.95695,1250,10.541015,20.21
____1,35.957115,1251,10.5409355,20.23
____1,35.95721,1252,10.540891,20.24
____1,35.957397,1253,10.540796,20.26
____1,35.957493,1254,10.540746,20.27
____1,35.957584,1255,10.540694,20.28
____1,35.95777,1256,10.540587,20.3
____1,35.957867,1257,10.540531,20.31
____1,35.957966,1258,10.540475,20.32
____1,35.958164,1259,10.540356,20.34
____1,35.958363,1260,10.540229,20.36
____1,35.958458,1261,10.540164,20.37
____1,35.958637,1262,10.540037,20.39
____1,35.958725,1263,10.539977,20.4
____1,35.958813,1264,10.539918,20.41
____1,35.95899,1265,10.539802,20.43
____1,35.959156,1266,10.539689,20.45
____1,35.959244,1267,10.539634,20.46
____1,35.95941,1268,10.539529,20.48
____1,35.95963,1269,10.53939,20.51
____1,35.95969,1270,10.539352,20.52
____1,35.959785,1271,10.539292,20.53
____1,35.95987,1272,10.539243,20.54
____1,35.959957,1273,10.539202,20.55
____1,35.960068,1274,10.539145,20.56
____1,35.96019,1275,10.539082,20.57
____1,35.96032,1276,10.539022,20.59
____1,35.9604,1277,10.538984,20.6
____1,35.960575,1278,10.538895,20.62
____1,35.960674,1279,10.538844,20.63
____1,35.960777,1280,10.53879,20.64
____1,35.960983,1281,10.538673,20.67
____1,35.961086,1282,10.538616,20.68
____1,35.961285,1283,10.538507,20.7
____1,35.96148,1284,10.5384035,20.72
____1,35.96167,1285,10.538308,20.74
____1,35.961765,1286,10.5382595,20.75
____1,35.962044,1287,10.53811,20.78
____1,35.962322,1288,10.537959,20.81
____1,35.96258,1289,10.537832,20.84
____1,35.96267,1290,10.537792,20.85
____1,35.962837,1291,10.537711,20.87
